90, 0, 252, 52, 24,
172, 3, 252, 44, 44,
234, 31, 252, 52, 24,
104, 64, 204, 100, 36,
98, 65, 192, 196, 40,
103, 65, 192, 196, 40,
107, 65, 192, 196, 40,
90, 66, 252, 164, 152,
97, 66, 96, 12, 0,
102, 66, 192, 196, 40,
106, 66, 204, 100, 36,
90, 67, 252, 252, 252,
94, 67, 124, 24, 0,
98, 67, 252, 196, 48,
102, 67, 252, 212, 152,
106, 67, 96, 12, 0,
110, 67, 204, 100, 36,
90, 68, 252, 252, 252,
94, 68, 216, 212, 152,
98, 68, 252, 212, 152,
102, 68, 252, 252, 220,
106, 68, 212, 60, 0,
110, 68, 164, 60, 0,
89, 69, 252, 252, 252,
93, 69, 252, 252, 252,
97, 69, 116, 72, 0,
101, 69, 252, 252, 252,
105, 69, 252, 164, 152,
110, 69, 204, 100, 36,
114, 69, 0, 60, 0,
89, 70, 216, 120, 148,
93, 70, 252, 252, 252,
97, 70, 0, 60, 0,
101, 70, 252, 252, 252,
105, 70, 252, 252, 252,
111, 70, 180, 16, 0,
115, 70, 0, 60, 0,
122, 70, 112, 108, 40,
89, 71, 252, 192, 228,
93, 71, 252, 252, 252,
97, 71, 4, 32, 0,
101, 71, 252, 252, 252,
105, 71, 240, 180, 216,
109, 71, 252, 228, 252,
114, 71, 0, 76, 0,
119, 71, 124, 24, 0,
123, 71, 0, 76, 0,
90, 72, 252, 192, 228,
94, 72, 252, 252, 252,
98, 72, 72, 72, 0,
102, 72, 252, 252, 252,
106, 72, 252, 164, 152,
110, 72, 252, 80, 92,
114, 72, 0, 60, 0,
118, 72, 180, 16, 0,
122, 72, 0, 60, 0,
126, 72, 124, 24, 0,
94, 73, 252, 252, 252,
98, 73, 124, 0, 0,
102, 73, 252, 252, 252,
106, 73, 180, 16, 0,
110, 73, 252, 52, 24,
114, 73, 0, 0, 0,
118, 73, 0, 40, 0,
122, 73, 0, 60, 0,
126, 73, 4, 32, 0,
92, 74, 252, 228, 212,
96, 74, 252, 252, 252,
100, 74, 252, 252, 252,
105, 74, 252, 164, 152,
109, 74, 252, 252, 252,
114, 74, 204, 100, 36,
118, 74, 0, 60, 0,
122, 74, 0, 80, 0,
126, 74, 0, 64, 0,
93, 75, 252, 252, 252,
97, 75, 252, 252, 252,
101, 75, 252, 252, 252,
107, 75, 252, 252, 252,
111, 75, 240, 60, 80,
116, 75, 0, 52, 0,
120, 75, 0, 64, 0,
124, 75, 0, 60, 0,
128, 75, 20, 0, 0,
94, 76, 252, 252, 252,
98, 76, 252, 252, 252,
102, 76, 252, 252, 252,
106, 76, 252, 252, 220,
110, 76, 252, 228, 228,
114, 76, 76, 24, 0,
118, 76, 0, 72, 0,
122, 76, 0, 60, 0,
126, 76, 0, 80, 0,
93, 77, 124, 0, 0,
97, 77, 252, 252, 252,
102, 77, 252, 252, 228,
106, 77, 252, 252, 252,
110, 77, 252, 252, 252,
114, 77, 164, 60, 4,
119, 77, 164, 60, 4,
123, 77, 0, 80, 0,
127, 77, 0, 64, 0,
93, 78, 4, 32, 0,
97, 78, 252, 252, 252,
101, 78, 252, 228, 212,
106, 78, 252, 252, 252,
110, 78, 252, 252, 252,
114, 78, 76, 0, 0,
118, 78, 4, 32, 0,
122, 78, 0, 60, 0,
126, 78, 116, 72, 0,
130, 78, 0, 72, 0,
95, 79, 216, 120, 148,
99, 79, 252, 252, 252,
104, 79, 164, 0, 0,
108, 79, 252, 252, 252,
112, 79, 252, 252, 252,
116, 79, 252, 188, 200,
120, 79, 0, 52, 0,
124, 79, 0, 60, 0,
128, 79, 0, 60, 0,
94, 80, 0, 76, 0,
98, 80, 252, 252, 252,
102, 80, 252, 252, 252,
106, 80, 252, 252, 220,
111, 80, 252, 252, 252,
115, 80, 216, 120, 148,
119, 80, 116, 72, 0,
123, 80, 0, 76, 0,
127, 80, 0, 76, 0,
93, 81, 4, 32, 0,
97, 81, 252, 252, 252,
101, 81, 252, 252, 252,
105, 81, 252, 120, 124,
109, 81, 252, 252, 252,
113, 81, 252, 252, 252,
117, 81, 252, 252, 252,
121, 81, 76, 24, 0,
125, 81, 0, 40, 0,
129, 81, 252, 252, 252,
93, 82, 32, 72, 0,
97, 82, 252, 252, 252,
101, 82, 252, 252, 252,
105, 82, 216, 120, 148,
109, 82, 192, 196, 40,
114, 82, 20, 0, 0,
118, 82, 252, 252, 252,
122, 82, 112, 108, 40,
126, 82, 252, 252, 252,
130, 82, 252, 252, 228,
94, 83, 0, 60, 0,
98, 83, 252, 228, 252,
102, 83, 252, 252, 252,
106, 83, 252, 188, 200,
111, 83, 252, 252, 252,
115, 83, 188, 60, 80,
119, 83, 252, 252, 252,
124, 83, 76, 0, 0,
129, 83, 252, 252, 252,
93, 84, 0, 72, 0,
97, 84, 0, 56, 0,
101, 84, 252, 252, 252,
105, 84, 252, 164, 152,
109, 84, 252, 100, 100,
113, 84, 52, 0, 0,
117, 84, 252, 252, 252,
121, 84, 252, 252, 252,
125, 84, 252, 192, 228,
129, 84, 180, 16, 0,
133, 84, 240, 60, 80,
96, 85, 0, 60, 0,
100, 85, 252, 252, 252,
104, 85, 252, 252, 252,
108, 85, 252, 192, 228,
112, 85, 252, 188, 200,
116, 85, 252, 252, 252,
120, 85, 252, 188, 200,
124, 85, 252, 120, 124,
128, 85, 252, 212, 152,
133, 85, 252, 164, 152,
96, 86, 0, 60, 0,
100, 86, 252, 192, 228,
104, 86, 252, 252, 252,
108, 86, 252, 252, 252,
112, 86, 252, 252, 252,
116, 86, 252, 252, 252,
120, 86, 252, 188, 200,
124, 86, 252, 192, 228,
128, 86, 252, 164, 152,
133, 86, 252, 252, 252,
95, 87, 0, 40, 0,
99, 87, 0, 0, 0,
103, 87, 252, 252, 252,
107, 87, 252, 252, 252,
111, 87, 252, 252, 252,
115, 87, 252, 252, 252,
119, 87, 252, 252, 252,
123, 87, 188, 60, 80,
127, 87, 252, 252, 252,
131, 87, 252, 164, 152,
95, 88, 112, 108, 40,
99, 88, 0, 80, 0,
103, 88, 252, 252, 252,
107, 88, 252, 252, 252,
111, 88, 252, 252, 252,
115, 88, 252, 252, 252,
119, 88, 252, 252, 252,
123, 88, 252, 252, 252,
127, 88, 252, 228, 212,
131, 88, 252, 252, 252,
93, 89, 36, 32, 0,
97, 89, 0, 60, 0,
101, 89, 168, 0, 0,
105, 89, 252, 252, 252,
109, 89, 252, 252, 252,
113, 89, 252, 252, 252,
117, 89, 252, 252, 252,
121, 89, 252, 252, 252,
125, 89, 240, 180, 216,
129, 89, 252, 252, 252,
133, 89, 252, 164, 152,
96, 90, 0, 52, 0,
100, 90, 0, 76, 0,
104, 90, 252, 252, 252,
108, 90, 252, 252, 252,
112, 90, 216, 120, 148,
116, 90, 252, 252, 252,
120, 90, 252, 252, 252,
124, 90, 252, 252, 252,
129, 90, 252, 228, 252,
133, 90, 252, 228, 228,
95, 91, 0, 60, 0,
99, 91, 36, 84, 16,
103, 91, 252, 76, 80,
107, 91, 252, 252, 252,
111, 91, 252, 252, 252,
115, 91, 252, 252, 252,
119, 91, 252, 252, 252,
123, 91, 252, 252, 252,
127, 91, 252, 188, 200,
132, 91, 252, 252, 252,
93, 92, 164, 60, 4,
97, 92, 0, 60, 0,
101, 92, 0, 60, 0,
106, 92, 252, 228, 252,
110, 92, 252, 252, 252,
114, 92, 252, 252, 252,
118, 92, 252, 252, 252,
122, 92, 252, 252, 252,
126, 92, 252, 252, 252,
130, 92, 252, 188, 200,
134, 92, 252, 252, 252,
138, 92, 180, 16, 0,
97, 93, 0, 64, 0,
101, 93, 0, 64, 0,
105, 93, 252, 100, 100,
109, 93, 252, 252, 252,
113, 93, 252, 252, 252,
117, 93, 252, 252, 252,
121, 93, 252, 252, 252,
125, 93, 252, 252, 252,
129, 93, 252, 44, 44,
133, 93, 252, 252, 252,
137, 93, 252, 228, 252,
95, 94, 0, 64, 0,
99, 94, 4, 32, 0,
103, 94, 0, 76, 0,
108, 94, 252, 252, 252,
112, 94, 252, 252, 252,
116, 94, 252, 252, 252,
120, 94, 252, 252, 252,
124, 94, 252, 252, 252,
128, 94, 252, 228, 252,
133, 94, 252, 252, 252,
137, 94, 252, 252, 252,
95, 95, 0, 52, 0,
99, 95, 20, 0, 0,
103, 95, 0, 76, 0,
108, 95, 252, 120, 124,
112, 95, 252, 252, 252,
116, 95, 252, 252, 252,
120, 95, 252, 252, 252,
124, 95, 252, 252, 252,
128, 95, 252, 252, 252,
134, 95, 252, 252, 252,
138, 95, 252, 228, 212,
95, 96, 0, 40, 0,
100, 96, 0, 60, 0,
104, 96, 0, 64, 0,
108, 96, 164, 60, 4,
112, 96, 252, 252, 252,
116, 96, 252, 252, 252,
120, 96, 252, 252, 252,
124, 96, 252, 228, 228,
128, 96, 252, 252, 252,
135, 96, 252, 228, 228,
140, 96, 0, 72, 0,
97, 97, 116, 72, 0,
101, 97, 0, 64, 0,
105, 97, 0, 60, 0,
109, 97, 76, 24, 0,
113, 97, 252, 252, 252,
117, 97, 252, 252, 252,
121, 97, 252, 252, 252,
125, 97, 252, 188, 200,
129, 97, 252, 188, 200,
135, 97, 252, 228, 252,
139, 97, 164, 60, 4,
95, 98, 212, 60, 0,
99, 98, 0, 40, 0,
103, 98, 124, 24, 0,
107, 98, 0, 52, 0,
112, 98, 252, 252, 252,
116, 98, 252, 252, 252,
120, 98, 252, 252, 252,
124, 98, 252, 252, 252,
128, 98, 252, 252, 252,
134, 98, 252, 192, 228,
140, 98, 0, 80, 0,
97, 99, 180, 16, 0,
101, 99, 0, 60, 0,
105, 99, 116, 72, 0,
110, 99, 76, 0, 0,
114, 99, 252, 252, 252,
118, 99, 252, 252, 252,
122, 99, 252, 252, 252,
126, 99, 252, 252, 252,
131, 99, 76, 24, 0,
138, 99, 76, 24, 0,
142, 99, 20, 0, 0,
103, 100, 0, 40, 0,
113, 100, 252, 252, 252,
117, 100, 252, 252, 252,
121, 100, 252, 252, 252,
125, 100, 252, 252, 252,
131, 100, 204, 16, 0,
139, 100, 0, 64, 0,
101, 101, 180, 16, 0,
114, 101, 252, 252, 252,
118, 101, 252, 252, 252,
122, 101, 252, 252, 252,
126, 101, 252, 252, 220,
133, 101, 164, 0, 0,
139, 101, 0, 60, 0,
143, 101, 252, 252, 220,
116, 102, 252, 252, 252,
120, 102, 252, 252, 252,
124, 102, 252, 252, 252,
128, 102, 252, 76, 80,
135, 102, 204, 16, 0,
140, 102, 252, 252, 252,
144, 102, 252, 164, 152,
117, 103, 252, 252, 252,
121, 103, 252, 252, 252,
125, 103, 252, 228, 252,
129, 103, 252, 252, 252,
134, 103, 124, 24, 0,
141, 103, 252, 252, 252,
114, 104, 164, 0, 0,
118, 104, 252, 252, 252,
122, 104, 252, 252, 252,
126, 104, 252, 252, 252,
130, 104, 252, 252, 252,
134, 104, 164, 16, 0,
140, 104, 216, 212, 152,
144, 104, 252, 252, 252,
116, 105, 252, 44, 44,
120, 105, 252, 252, 252,
124, 105, 252, 252, 252,
128, 105, 252, 252, 252,
132, 105, 252, 252, 252,
137, 105, 168, 0, 0,
142, 105, 252, 228, 252,
146, 105, 252, 100, 100,
118, 106, 252, 252, 252,
122, 106, 252, 252, 252,
126, 106, 252, 252, 252,
130, 106, 252, 252, 252,
134, 106, 164, 60, 4,
139, 106, 0, 64, 0,
143, 106, 252, 252, 252,
116, 107, 124, 0, 0,
120, 107, 252, 252, 252,
124, 107, 252, 252, 252,
128, 107, 252, 252, 252,
132, 107, 252, 252, 252,
136, 107, 124, 24, 0,
140, 107, 0, 56, 0,
144, 107, 252, 252, 252,
148, 107, 204, 16, 0,
120, 108, 252, 252, 252,
124, 108, 252, 252, 252,
128, 108, 252, 252, 252,
132, 108, 252, 252, 252,
136, 108, 76, 24, 0,
140, 108, 0, 60, 0,
144, 108, 252, 252, 252,
119, 109, 252, 228, 252,
123, 109, 252, 252, 252,
127, 109, 252, 252, 252,
131, 109, 252, 252, 252,
135, 109, 0, 52, 0,
139, 109, 0, 76, 0,
143, 109, 252, 228, 252,
147, 109, 252, 252, 252,
119, 110, 252, 132, 164,
123, 110, 252, 252, 252,
127, 110, 252, 252, 252,
131, 110, 252, 252, 252,
136, 110, 0, 60, 0,
140, 110, 0, 60, 0,
144, 110, 252, 252, 252,
148, 110, 252, 252, 252,
120, 111, 252, 252, 252,
124, 111, 252, 252, 252,
128, 111, 252, 252, 252,
132, 111, 252, 252, 252,
136, 111, 0, 56, 0,
140, 111, 0, 60, 0,
144, 111, 252, 192, 228,
148, 111, 252, 252, 252,
121, 112, 252, 252, 252,
125, 112, 252, 252, 252,
129, 112, 252, 252, 252,
133, 112, 4, 32, 0,
138, 112, 0, 52, 0,
142, 112, 36, 32, 0,
146, 112, 252, 228, 228,
150, 112, 252, 72, 60,
122, 113, 252, 252, 252,
126, 113, 252, 252, 252,
130, 113, 252, 252, 252,
136, 113, 0, 60, 0,
140, 113, 0, 60, 0,
145, 113, 180, 16, 0,
149, 113, 252, 252, 252,
120, 114, 212, 60, 4,
124, 114, 252, 252, 252,
128, 114, 252, 252, 252,
132, 114, 168, 0, 16,
138, 114, 0, 64, 0,
142, 114, 124, 24, 0,
148, 114, 252, 252, 252,
152, 114, 252, 40, 24,
122, 115, 252, 252, 252,
126, 115, 252, 252, 252,
130, 115, 252, 252, 252,
136, 115, 0, 72, 0,
140, 115, 0, 52, 0,
147, 115, 164, 60, 0,
151, 115, 252, 252, 252,
121, 116, 252, 252, 252,
125, 116, 252, 252, 252,
129, 116, 252, 252, 252,
133, 116, 252, 164, 152,
138, 116, 0, 64, 0,
142, 116, 180, 16, 0,
149, 116, 252, 252, 252,
153, 116, 252, 120, 124,
123, 117, 252, 252, 252,
127, 117, 252, 252, 252,
131, 117, 252, 252, 252,
136, 117, 32, 72, 0,
140, 117, 0, 60, 0,
149, 117, 164, 0, 0,
153, 117, 252, 164, 152,
122, 118, 252, 252, 252,
126, 118, 252, 252, 252,
130, 118, 252, 252, 252,
134, 118, 252, 164, 152,
139, 118, 0, 64, 0,
149, 118, 20, 0, 0,
153, 118, 252, 252, 220,
120, 119, 252, 252, 252,
124, 119, 252, 252, 252,
128, 119, 252, 252, 252,
132, 119, 252, 252, 252,
136, 119, 4, 32, 0,
140, 119, 0, 76, 0,
151, 119, 240, 60, 80,
155, 119, 252, 44, 44,
121, 120, 252, 252, 252,
125, 120, 252, 252, 252,
129, 120, 252, 252, 252,
133, 120, 252, 252, 252,
139, 120, 0, 60, 0,
152, 120, 252, 164, 152,
118, 121, 252, 72, 60,
122, 121, 252, 252, 252,
126, 121, 252, 252, 252,
130, 121, 252, 252, 252,
134, 121, 252, 192, 228,
138, 121, 0, 52, 0,
151, 121, 180, 16, 0,
155, 121, 252, 164, 152,
119, 122, 252, 252, 252,
123, 122, 252, 252, 252,
127, 122, 252, 252, 252,
131, 122, 252, 252, 252,
135, 122, 240, 60, 80,
139, 122, 0, 60, 0,
154, 122, 252, 228, 228,
158, 122, 124, 0, 0,
120, 123, 252, 252, 252,
124, 123, 252, 252, 252,
128, 123, 252, 252, 252,
132, 123, 252, 252, 252,
136, 123, 20, 0, 0,
140, 123, 0, 64, 0,
155, 123, 252, 252, 252,
159, 123, 124, 24, 0,
121, 124, 252, 252, 252,
125, 124, 252, 252, 252,
129, 124, 252, 252, 252,
133, 124, 252, 252, 252,
137, 124, 252, 228, 212,
141, 124, 36, 32, 0,
157, 124, 168, 0, 0,
118, 125, 252, 252, 252,
122, 125, 252, 252, 252,
126, 125, 252, 252, 252,
130, 125, 252, 252, 252,
134, 125, 252, 252, 252,
138, 125, 0, 52, 0,
143, 125, 252, 52, 24,
160, 125, 36, 32, 0,
165, 125, 164, 60, 4,
119, 126, 252, 252, 252,
123, 126, 252, 252, 252,
127, 126, 252, 252, 252,
131, 126, 252, 252, 252,
135, 126, 252, 212, 152,
140, 126, 0, 64, 0,
160, 126, 0, 60, 0,
164, 126, 4, 32, 0,
118, 127, 252, 252, 252,
122, 127, 252, 252, 252,
126, 127, 252, 252, 252,
130, 127, 252, 188, 200,
134, 127, 252, 228, 252,
138, 127, 0, 60, 0,
155, 127, 252, 100, 100,
161, 127, 0, 60, 0,
165, 127, 164, 60, 4,
119, 128, 252, 252, 252,
123, 128, 252, 252, 252,
127, 128, 252, 252, 252,
131, 128, 216, 120, 148,
135, 128, 240, 60, 80,
139, 128, 0, 64, 0,
158, 128, 72, 72, 0,
162, 128, 0, 60, 0,
117, 129, 252, 252, 252,
121, 129, 252, 252, 252,
125, 129, 252, 252, 252,
129, 129, 216, 120, 148,
134, 129, 252, 164, 152,
139, 129, 0, 64, 0,
155, 129, 252, 188, 200,
161, 129, 0, 52, 0,
116, 130, 252, 252, 252,
120, 130, 252, 252, 252,
124, 130, 252, 252, 252,
128, 130, 252, 252, 252,
132, 130, 252, 252, 252,
136, 130, 36, 84, 16,
140, 130, 4, 32, 0,
159, 130, 76, 24, 0,
116, 131, 252, 252, 252,
120, 131, 252, 252, 252,
124, 131, 252, 252, 252,
128, 131, 252, 252, 252,
132, 131, 252, 228, 228,
136, 131, 252, 252, 252,
140, 131, 36, 32, 0,
158, 131, 112, 108, 40,
162, 131, 124, 0, 0,
117, 132, 252, 252, 252,
121, 132, 252, 252, 252,
125, 132, 252, 252, 252,
129, 132, 252, 252, 252,
133, 132, 252, 252, 252,
137, 132, 252, 252, 252,
141, 132, 252, 252, 252,
156, 132, 252, 100, 100,
161, 132, 252, 72, 44,
114, 133, 252, 52, 24,
118, 133, 252, 252, 252,
122, 133, 252, 252, 252,
126, 133, 252, 252, 252,
130, 133, 252, 252, 252,
134, 133, 252, 252, 252,
138, 133, 252, 252, 252,
142, 133, 252, 228, 228,
146, 133, 252, 188, 200,
162, 133, 252, 40, 24,
117, 134, 252, 252, 252,
121, 134, 252, 252, 252,
125, 134, 252, 252, 252,
129, 134, 252, 252, 252,
133, 134, 252, 252, 252,
137, 134, 252, 252, 252,
141, 134, 252, 252, 252,
145, 134, 240, 180, 216,
156, 134, 252, 228, 212,
115, 135, 252, 132, 164,
119, 135, 252, 252, 252,
123, 135, 252, 252, 252,
127, 135, 252, 252, 252,
131, 135, 252, 252, 252,
135, 135, 252, 252, 252,
139, 135, 252, 252, 252,
143, 135, 252, 252, 252,
147, 135, 252, 192, 228,
151, 135, 252, 76, 80,
116, 136, 252, 252, 252,
120, 136, 252, 252, 252,
124, 136, 252, 252, 252,
128, 136, 252, 252, 252,
132, 136, 252, 252, 252,
136, 136, 252, 252, 252,
140, 136, 252, 252, 252,
144, 136, 252, 252, 252,
148, 136, 252, 252, 252,
152, 136, 252, 212, 152,
116, 137, 252, 252, 252,
120, 137, 252, 252, 252,
124, 137, 252, 252, 252,
128, 137, 252, 252, 252,
132, 137, 252, 252, 252,
136, 137, 252, 252, 252,
140, 137, 252, 252, 252,
144, 137, 252, 252, 252,
148, 137, 252, 252, 252,
152, 137, 252, 252, 252,
156, 137, 252, 100, 100,
160, 137, 164, 0, 0,
115, 138, 252, 252, 252,
119, 138, 252, 252, 252,
123, 138, 252, 252, 252,
127, 138, 252, 252, 252,
131, 138, 252, 252, 252,
135, 138, 252, 252, 252,
139, 138, 252, 252, 252,
143, 138, 252, 252, 252,
147, 138, 252, 252, 252,
151, 138, 252, 252, 252,
155, 138, 188, 60, 80,
160, 138, 116, 72, 0,
116, 139, 252, 252, 252,
120, 139, 252, 252, 252,
124, 139, 252, 252, 252,
128, 139, 252, 252, 252,
132, 139, 252, 252, 252,
136, 139, 252, 252, 252,
140, 139, 252, 252, 252,
144, 139, 252, 252, 252,
148, 139, 252, 252, 252,
152, 139, 252, 252, 252,
156, 139, 252, 188, 200,
161, 139, 4, 32, 0,
117, 140, 252, 252, 252,
121, 140, 252, 252, 252,
125, 140, 252, 252, 252,
129, 140, 252, 252, 252,
133, 140, 252, 252, 252,
137, 140, 252, 252, 252,
141, 140, 252, 252, 252,
145, 140, 252, 252, 252,
149, 140, 252, 252, 252,
153, 140, 252, 252, 252,
157, 140, 252, 188, 200,
162, 140, 0, 72, 0,
118, 141, 252, 252, 252,
122, 141, 252, 252, 252,
126, 141, 252, 252, 252,
130, 141, 252, 252, 252,
134, 141, 252, 252, 252,
138, 141, 252, 252, 252,
142, 141, 252, 252, 252,
146, 141, 252, 252, 252,
150, 141, 252, 252, 252,
154, 141, 252, 228, 228,
158, 141, 252, 164, 152,
115, 142, 252, 120, 124,
119, 142, 252, 252, 252,
123, 142, 252, 252, 252,
127, 142, 252, 252, 252,
131, 142, 252, 252, 252,
135, 142, 252, 252, 252,
139, 142, 252, 252, 252,
143, 142, 252, 252, 252,
147, 142, 252, 252, 252,
151, 142, 252, 252, 252,
155, 142, 96, 12, 16,
159, 142, 252, 164, 152,
163, 142, 4, 32, 0,
119, 143, 252, 252, 252,
123, 143, 252, 252, 252,
127, 143, 252, 252, 252,
131, 143, 252, 252, 252,
135, 143, 252, 252, 252,
139, 143, 252, 252, 252,
143, 143, 252, 252, 252,
147, 143, 252, 252, 252,
151, 143, 252, 252, 252,
155, 143, 112, 108, 40,
160, 143, 252, 164, 152,
116, 144, 252, 164, 152,
120, 144, 252, 252, 252,
124, 144, 252, 252, 252,
128, 144, 252, 252, 252,
132, 144, 252, 252, 252,
136, 144, 252, 252, 252,
140, 144, 252, 252, 252,
144, 144, 252, 252, 252,
148, 144, 252, 252, 252,
152, 144, 252, 228, 228,
156, 144, 240, 180, 216,
161, 144, 168, 0, 0,
116, 145, 252, 52, 76,
120, 145, 252, 228, 252,
124, 145, 252, 252, 252,
128, 145, 252, 252, 252,
132, 145, 252, 252, 252,
136, 145, 252, 252, 252,
140, 145, 252, 252, 252,
144, 145, 252, 252, 252,
148, 145, 252, 252, 252,
152, 145, 252, 252, 252,
156, 145, 252, 252, 220,
162, 145, 0, 72, 0,
118, 146, 252, 164, 152,
122, 146, 188, 60, 80,
126, 146, 252, 228, 228,
130, 146, 252, 192, 228,
134, 146, 252, 252, 220,
138, 146, 252, 252, 252,
142, 146, 240, 180, 216,
146, 146, 252, 252, 252,
150, 146, 252, 252, 252,
154, 146, 252, 252, 252,
160, 146, 252, 228, 212,
164, 146, 0, 76, 0,
121, 147, 252, 192, 228,
125, 147, 252, 188, 200,
129, 147, 252, 192, 228,
133, 147, 252, 192, 228,
137, 147, 252, 228, 252,
141, 147, 216, 120, 148,
145, 147, 252, 252, 252,
149, 147, 252, 252, 252,
153, 147, 252, 252, 252,
157, 147, 252, 252, 252,
163, 147, 0, 60, 0,
122, 148, 252, 76, 80,
126, 148, 252, 132, 164,
132, 148, 180, 0, 0,
142, 148, 252, 252, 252,
146, 148, 252, 252, 252,
150, 148, 252, 252, 252,
154, 148, 252, 252, 252,
160, 148, 252, 100, 100,
164, 148, 0, 64, 0,
127, 149, 252, 72, 44,
142, 149, 252, 252, 252,
146, 149, 252, 252, 252,
150, 149, 252, 252, 252,
154, 149, 240, 180, 216,
158, 149, 36, 32, 0,
163, 149, 0, 76, 0,
125, 150, 180, 16, 0,
133, 150, 164, 16, 0,
137, 150, 124, 0, 0,
141, 150, 252, 252, 252,
145, 150, 252, 252, 252,
149, 150, 252, 252, 252,
153, 150, 252, 228, 212,
157, 150, 72, 72, 0,
161, 150, 0, 52, 0,
123, 151, 36, 32, 0,
127, 151, 32, 72, 0,
131, 151, 164, 60, 0,
135, 151, 0, 60, 0,
139, 151, 252, 252, 252,
143, 151, 252, 252, 252,
147, 151, 252, 252, 252,
151, 151, 252, 228, 228,
156, 151, 76, 24, 0,
160, 151, 0, 60, 0,
164, 151, 0, 52, 0,
128, 152, 36, 32, 0,
132, 152, 0, 52, 0,
136, 152, 252, 252, 252,
140, 152, 252, 252, 252,
144, 152, 252, 252, 252,
148, 152, 252, 252, 252,
152, 152, 252, 120, 124,
156, 152, 0, 64, 0,
160, 152, 0, 60, 0,
164, 152, 0, 64, 0,
135, 153, 252, 252, 252,
139, 153, 252, 252, 252,
143, 153, 252, 252, 252,
147, 153, 252, 252, 252,
153, 153, 32, 72, 0,
157, 153, 0, 52, 0,
161, 153, 36, 32, 0,
133, 154, 96, 12, 16,
137, 154, 252, 252, 252,
141, 154, 252, 252, 252,
145, 154, 252, 252, 252,
149, 154, 252, 132, 164,
154, 154, 0, 52, 0,
158, 154, 0, 76, 0,
162, 154, 252, 76, 80,
121, 155, 252, 72, 44,
134, 155, 252, 252, 252,
138, 155, 252, 252, 252,
142, 155, 252, 252, 252,
146, 155, 252, 252, 252,
150, 155, 164, 60, 4,
154, 155, 0, 64, 0,
158, 155, 112, 108, 40,
163, 155, 0, 40, 0,
124, 156, 252, 100, 100,
133, 156, 252, 252, 252,
137, 156, 252, 252, 252,
141, 156, 252, 252, 252,
145, 156, 252, 164, 152,
149, 156, 0, 72, 0,
153, 156, 0, 60, 0,
157, 156, 252, 252, 220,
161, 156, 252, 52, 24,
121, 157, 252, 252, 252,
125, 157, 252, 252, 252,
132, 157, 252, 252, 252,
136, 157, 252, 252, 252,
140, 157, 252, 252, 252,
144, 157, 240, 60, 80,
148, 157, 0, 0, 0,
152, 157, 0, 72, 0,
156, 157, 252, 164, 152,
162, 157, 0, 52, 0,
123, 158, 252, 252, 252,
127, 158, 252, 228, 252,
131, 158, 252, 252, 252,
135, 158, 252, 252, 252,
139, 158, 252, 252, 228,
144, 158, 96, 12, 0,
148, 158, 0, 60, 0,
152, 158, 20, 0, 0,
157, 158, 252, 228, 212,
162, 158, 0, 52, 0,
122, 159, 252, 252, 252,
126, 159, 252, 252, 252,
130, 159, 252, 252, 252,
134, 159, 252, 252, 252,
138, 159, 252, 228, 212,
142, 159, 36, 32, 0,
146, 159, 0, 52, 0,
150, 159, 124, 24, 0,
159, 159, 76, 24, 0,
120, 160, 252, 252, 252,
124, 160, 252, 252, 252,
128, 160, 252, 252, 252,
132, 160, 252, 252, 252,
136, 160, 252, 252, 252,
140, 160, 76, 0, 0,
144, 160, 0, 60, 0,
148, 160, 0, 52, 0,
153, 160, 252, 72, 44,
158, 160, 124, 24, 0,
119, 161, 252, 252, 252,
123, 161, 252, 252, 252,
127, 161, 252, 252, 252,
131, 161, 252, 252, 252,
135, 161, 252, 228, 212,
139, 161, 0, 52, 0,
143, 161, 0, 60, 0,
147, 161, 72, 72, 0,
151, 161, 252, 76, 80,
156, 161, 36, 32, 0,
160, 161, 0, 60, 0,
120, 162, 252, 252, 252,
124, 162, 252, 252, 252,
128, 162, 252, 252, 252,
132, 162, 252, 252, 252,
136, 162, 4, 32, 0,
140, 162, 0, 64, 0,
144, 162, 4, 32, 0,
148, 162, 252, 100, 100,
154, 162, 180, 16, 0,
115, 163, 252, 252, 252,
119, 163, 252, 252, 252,
123, 163, 252, 252, 252,
127, 163, 252, 252, 252,
131, 163, 252, 228, 212,
135, 163, 0, 40, 0,
139, 163, 0, 60, 0,
143, 163, 204, 16, 0,
114, 164, 252, 252, 252,
118, 164, 252, 252, 252,
122, 164, 252, 252, 252,
126, 164, 252, 252, 252,
130, 164, 252, 228, 212,
134, 164, 0, 60, 0,
138, 164, 0, 40, 0,
111, 165, 216, 120, 148,
115, 165, 252, 252, 252,
119, 165, 252, 252, 252,
123, 165, 252, 252, 252,
127, 165, 252, 252, 252,
132, 165, 0, 60, 0,
136, 165, 4, 32, 0,
112, 166, 252, 252, 252,
116, 166, 252, 252, 252,
120, 166, 252, 252, 252,
124, 166, 252, 252, 252,
128, 166, 252, 76, 80,
132, 166, 76, 0, 0,
110, 167, 252, 252, 252,
114, 167, 252, 228, 212,
118, 167, 252, 252, 252,
122, 167, 252, 252, 252,
126, 167, 252, 100, 100,
130, 167, 0, 0, 0,
110, 168, 252, 252, 252,
114, 168, 252, 192, 228,
118, 168, 252, 252, 252,
122, 168, 252, 252, 252,
126, 168, 76, 0, 0,
109, 169, 252, 252, 252,
113, 169, 252, 252, 252,
117, 169, 252, 252, 252,
121, 169, 252, 252, 252,
125, 169, 124, 0, 0,
110, 170, 76, 0, 0,
114, 170, 252, 252, 252,
118, 170, 252, 252, 252,
122, 170, 252, 188, 200,
109, 171, 252, 164, 152,
113, 171, 252, 252, 252,
117, 171, 252, 188, 200,
121, 171, 252, 164, 152,
112, 172, 252, 252, 228,
116, 172, 252, 164, 152,
109, 173, 252, 188, 200,
113, 173, 252, 252, 252,
109, 174, 252, 76, 80,
113, 174, 252, 252, 252,
18, 195, 252, 40, 24,
