111, 58, 48, 48, 52,
115, 59, 84, 84, 96,
113, 60, 84, 92, 104,
110, 61, 76, 92, 100,
107, 62, 20, 20, 24,
114, 62, 84, 92, 104,
111, 63, 172, 184, 180,
108, 64, 116, 128, 140,
115, 64, 76, 76, 84,
112, 65, 104, 120, 132,
108, 66, 104, 108, 128,
115, 66, 68, 76, 80,
106, 67, 68, 76, 80,
113, 67, 100, 108, 120,
72, 68, 92, 96, 112,
110, 68, 108, 116, 132,
69, 69, 96, 104, 116,
106, 69, 68, 76, 80,
113, 69, 96, 112, 116,
70, 70, 80, 84, 96,
105, 70, 24, 28, 32,
112, 70, 84, 100, 116,
119, 70, 180, 252, 252,
73, 71, 60, 64, 68,
106, 71, 84, 92, 112,
113, 71, 88, 96, 104,
120, 71, 188, 196, 200,
75, 72, 60, 64, 60,
96, 72, 32, 32, 32,
105, 72, 84, 92, 112,
112, 72, 88, 96, 104,
119, 72, 76, 84, 100,
126, 72, 40, 36, 40,
92, 73, 32, 32, 32,
99, 73, 32, 32, 32,
106, 73, 108, 120, 136,
113, 73, 84, 92, 108,
120, 73, 96, 104, 108,
127, 73, 28, 28, 28,
90, 74, 32, 28, 28,
97, 74, 32, 32, 32,
104, 74, 96, 104, 120,
111, 74, 84, 92, 104,
118, 74, 108, 108, 128,
125, 74, 104, 108, 128,
79, 75, 44, 44, 44,
91, 75, 32, 32, 32,
98, 75, 32, 32, 32,
105, 75, 108, 116, 132,
112, 75, 84, 92, 108,
119, 75, 124, 144, 156,
126, 75, 56, 56, 60,
81, 76, 48, 44, 48,
91, 76, 32, 32, 36,
98, 76, 32, 32, 32,
106, 76, 104, 108, 128,
113, 76, 84, 92, 108,
120, 76, 64, 68, 84,
127, 76, 60, 64, 72,
82, 77, 40, 40, 40,
90, 77, 44, 44, 44,
97, 77, 32, 32, 32,
104, 77, 116, 128, 140,
111, 77, 92, 104, 116,
118, 77, 116, 128, 140,
125, 77, 52, 52, 60,
80, 78, 36, 32, 36,
87, 78, 136, 144, 140,
94, 78, 36, 32, 36,
101, 78, 32, 32, 32,
108, 78, 116, 128, 140,
116, 78, 108, 116, 132,
123, 78, 56, 56, 60,
130, 78, 76, 80, 88,
84, 79, 48, 44, 48,
91, 79, 68, 64, 68,
98, 79, 32, 32, 32,
105, 79, 140, 152, 156,
112, 79, 108, 116, 132,
119, 79, 88, 88, 104,
126, 79, 52, 52, 60,
133, 79, 84, 100, 116,
85, 80, 40, 40, 40,
92, 80, 60, 64, 60,
99, 80, 32, 32, 32,
106, 80, 60, 64, 68,
113, 80, 40, 40, 44,
120, 80, 64, 68, 84,
127, 80, 52, 56, 68,
134, 80, 92, 104, 116,
84, 81, 52, 52, 52,
91, 81, 124, 128, 120,
98, 81, 32, 32, 32,
105, 81, 32, 32, 32,
112, 81, 64, 76, 84,
119, 81, 60, 64, 68,
126, 81, 64, 68, 84,
133, 81, 92, 96, 116,
82, 82, 32, 32, 32,
90, 82, 168, 172, 176,
97, 82, 32, 32, 36,
104, 82, 32, 32, 32,
112, 82, 52, 52, 60,
120, 82, 52, 52, 60,
127, 82, 124, 144, 156,
134, 82, 96, 108, 120,
141, 82, 20, 28, 24,
85, 83, 28, 28, 28,
92, 83, 216, 216, 212,
99, 83, 36, 36, 36,
106, 83, 32, 32, 32,
113, 83, 28, 28, 28,
121, 83, 72, 72, 76,
128, 83, 64, 68, 84,
135, 83, 92, 104, 116,
142, 83, 24, 40, 40,
46, 84, 24, 24, 24,
84, 84, 60, 68, 64,
91, 84, 184, 184, 188,
98, 84, 52, 48, 52,
105, 84, 32, 32, 32,
112, 84, 164, 160, 160,
120, 84, 64, 64, 60,
127, 84, 48, 48, 52,
134, 84, 92, 96, 112,
141, 84, 96, 112, 124,
43, 85, 76, 92, 100,
75, 85, 28, 28, 28,
82, 85, 68, 64, 68,
90, 85, 48, 48, 52,
97, 85, 104, 112, 108,
104, 85, 32, 32, 32,
111, 85, 44, 44, 44,
119, 85, 36, 36, 36,
126, 85, 96, 96, 116,
133, 85, 164, 244, 244,
140, 85, 80, 88, 96,
40, 86, 92, 104, 116,
47, 86, 140, 152, 156,
74, 86, 32, 32, 32,
81, 86, 56, 56, 56,
88, 86, 20, 20, 24,
95, 86, 168, 164, 176,
102, 86, 36, 36, 36,
109, 86, 32, 32, 32,
116, 86, 24, 24, 24,
123, 86, 84, 92, 92,
130, 86, 96, 108, 124,
137, 86, 80, 88, 96,
144, 86, 236, 248, 248,
42, 87, 108, 128, 140,
49, 87, 92, 96, 112,
73, 87, 36, 32, 32,
80, 87, 60, 56, 56,
87, 87, 32, 36, 32,
94, 87, 136, 144, 140,
101, 87, 88, 84, 84,
108, 87, 32, 28, 32,
115, 87, 56, 56, 60,
122, 87, 28, 28, 28,
129, 87, 108, 116, 132,
136, 87, 148, 220, 216,
143, 87, 40, 40, 48,
39, 88, 180, 252, 252,
46, 88, 88, 96, 104,
53, 88, 64, 76, 84,
72, 88, 64, 64, 60,
79, 88, 56, 56, 60,
86, 88, 140, 152, 156,
94, 88, 92, 96, 96,
101, 88, 104, 104, 108,
108, 88, 32, 32, 32,
115, 88, 40, 40, 40,
122, 88, 36, 36, 36,
129, 88, 96, 96, 116,
136, 88, 180, 244, 236,
143, 88, 56, 60, 56,
37, 89, 116, 120, 140,
44, 89, 96, 112, 124,
51, 89, 64, 76, 84,
66, 89, 32, 32, 32,
73, 89, 32, 32, 32,
80, 89, 56, 56, 60,
87, 89, 240, 240, 240,
94, 89, 52, 52, 52,
101, 89, 200, 200, 200,
108, 89, 32, 32, 32,
115, 89, 32, 32, 32,
122, 89, 32, 32, 32,
129, 89, 64, 76, 84,
136, 89, 56, 88, 88,
144, 89, 172, 184, 180,
37, 90, 92, 104, 116,
44, 90, 124, 144, 156,
51, 90, 60, 64, 72,
63, 90, 32, 32, 32,
70, 90, 32, 32, 32,
77, 90, 60, 56, 64,
84, 90, 104, 104, 108,
91, 90, 68, 64, 68,
98, 90, 252, 252, 252,
105, 90, 36, 36, 36,
112, 90, 32, 32, 32,
120, 90, 36, 32, 32,
127, 90, 148, 160, 176,
134, 90, 108, 124, 128,
141, 90, 56, 88, 88,
35, 91, 40, 40, 44,
42, 91, 148, 160, 176,
49, 91, 108, 116, 132,
56, 91, 68, 64, 68,
66, 91, 40, 40, 40,
74, 91, 40, 40, 44,
81, 91, 68, 64, 68,
88, 91, 140, 140, 156,
96, 91, 28, 28, 28,
103, 91, 168, 164, 176,
110, 91, 32, 32, 32,
118, 91, 28, 28, 28,
125, 91, 68, 76, 80,
132, 91, 148, 184, 184,
139, 91, 92, 144, 140,
147, 91, 40, 48, 48,
37, 92, 84, 92, 112,
44, 92, 116, 128, 140,
51, 92, 96, 104, 120,
58, 92, 36, 32, 32,
65, 92, 32, 32, 32,
72, 92, 60, 64, 68,
79, 92, 104, 104, 108,
86, 92, 104, 116, 120,
93, 92, 52, 52, 60,
100, 92, 128, 128, 128,
108, 92, 32, 32, 32,
115, 92, 32, 32, 32,
122, 92, 28, 28, 28,
130, 92, 172, 184, 180,
137, 92, 96, 104, 116,
144, 92, 40, 48, 48,
151, 92, 180, 252, 252,
40, 93, 116, 128, 140,
47, 93, 84, 100, 116,
54, 93, 84, 92, 112,
61, 93, 32, 32, 32,
68, 93, 68, 68, 72,
75, 93, 44, 40, 48,
82, 93, 76, 80, 88,
89, 93, 104, 112, 108,
96, 93, 44, 40, 48,
103, 93, 252, 252, 252,
110, 93, 32, 28, 28,
117, 93, 32, 32, 32,
124, 93, 32, 32, 32,
131, 93, 124, 140, 136,
138, 93, 136, 144, 140,
145, 93, 24, 40, 40,
35, 94, 72, 80, 84,
42, 94, 96, 112, 124,
49, 94, 92, 96, 116,
56, 94, 84, 92, 104,
63, 94, 32, 32, 32,
70, 94, 140, 152, 156,
77, 94, 76, 76, 80,
84, 94, 76, 84, 80,
91, 94, 56, 56, 60,
98, 94, 44, 40, 40,
105, 94, 252, 252, 248,
112, 94, 32, 32, 32,
119, 94, 32, 32, 32,
126, 94, 32, 32, 32,
134, 94, 68, 76, 80,
142, 94, 80, 76, 80,
150, 94, 76, 80, 96,
38, 95, 108, 128, 140,
45, 95, 76, 96, 108,
52, 95, 88, 96, 104,
59, 95, 56, 56, 72,
66, 95, 32, 32, 32,
74, 95, 84, 84, 96,
81, 95, 84, 84, 96,
88, 95, 96, 96, 116,
95, 95, 148, 144, 140,
102, 95, 44, 44, 44,
109, 95, 116, 112, 120,
116, 95, 32, 32, 32,
123, 95, 20, 20, 24,
130, 95, 124, 144, 156,
137, 95, 84, 84, 84,
145, 95, 180, 244, 236,
152, 95, 76, 80, 96,
39, 96, 60, 64, 72,
46, 96, 84, 100, 116,
53, 96, 84, 92, 108,
60, 96, 60, 64, 72,
67, 96, 32, 32, 32,
75, 96, 52, 52, 60,
82, 96, 76, 84, 80,
89, 96, 60, 64, 60,
96, 96, 88, 84, 84,
103, 96, 92, 92, 88,
110, 96, 152, 156, 160,
118, 96, 32, 32, 32,
125, 96, 96, 96, 104,
133, 96, 104, 116, 120,
141, 96, 40, 40, 40,
148, 96, 216, 248, 248,
155, 96, 60, 64, 72,
42, 97, 64, 68, 84,
49, 97, 124, 144, 156,
56, 97, 92, 96, 116,
63, 97, 92, 96, 96,
70, 97, 32, 32, 32,
77, 97, 76, 76, 80,
84, 97, 60, 56, 64,
91, 97, 84, 84, 84,
98, 97, 88, 84, 96,
105, 97, 152, 152, 148,
112, 97, 116, 112, 120,
119, 97, 32, 32, 32,
128, 97, 88, 84, 84,
135, 97, 124, 140, 136,
143, 97, 28, 32, 32,
150, 97, 72, 104, 108,
38, 98, 104, 108, 120,
45, 98, 104, 108, 128,
52, 98, 96, 108, 120,
59, 98, 92, 104, 116,
66, 98, 76, 76, 80,
73, 98, 32, 28, 32,
80, 98, 68, 64, 68,
87, 98, 60, 64, 68,
94, 98, 32, 32, 32,
101, 98, 96, 112, 116,
108, 98, 200, 200, 200,
115, 98, 40, 40, 40,
122, 98, 32, 32, 32,
129, 98, 56, 56, 56,
137, 98, 236, 248, 248,
146, 98, 92, 96, 112,
153, 98, 36, 40, 40,
41, 99, 72, 80, 84,
48, 99, 84, 100, 116,
55, 99, 108, 120, 136,
62, 99, 56, 68, 84,
69, 99, 60, 64, 60,
76, 99, 60, 64, 68,
83, 99, 28, 28, 28,
90, 99, 32, 32, 32,
97, 99, 32, 32, 32,
104, 99, 28, 28, 32,
111, 99, 200, 216, 220,
118, 99, 32, 28, 28,
125, 99, 32, 32, 32,
133, 99, 216, 220, 224,
141, 99, 24, 40, 40,
148, 99, 96, 112, 116,
155, 99, 36, 32, 32,
42, 100, 88, 88, 104,
49, 100, 84, 100, 116,
56, 100, 104, 120, 132,
63, 100, 92, 144, 140,
70, 100, 56, 52, 52,
77, 100, 28, 28, 28,
84, 100, 28, 28, 28,
91, 100, 32, 28, 28,
98, 100, 48, 48, 48,
105, 100, 24, 28, 32,
112, 100, 232, 232, 228,
119, 100, 28, 28, 28,
126, 100, 32, 32, 32,
138, 100, 44, 56, 56,
145, 100, 92, 104, 116,
152, 100, 248, 248, 240,
40, 101, 124, 140, 136,
47, 101, 96, 104, 120,
54, 101, 96, 104, 120,
61, 101, 84, 120, 136,
68, 101, 116, 188, 184,
75, 101, 32, 32, 36,
82, 101, 32, 28, 28,
89, 101, 32, 32, 32,
96, 101, 32, 32, 32,
103, 101, 76, 76, 80,
110, 101, 124, 120, 120,
117, 101, 72, 68, 68,
124, 101, 32, 32, 32,
133, 101, 236, 248, 248,
143, 101, 176, 212, 220,
150, 101, 152, 156, 160,
157, 101, 28, 28, 28,
43, 102, 76, 80, 96,
50, 102, 108, 120, 136,
57, 102, 88, 96, 104,
64, 102, 92, 144, 140,
71, 102, 216, 216, 212,
78, 102, 32, 32, 32,
85, 102, 32, 32, 32,
92, 102, 32, 32, 32,
99, 102, 32, 32, 32,
106, 102, 76, 84, 88,
113, 102, 232, 236, 240,
120, 102, 28, 32, 32,
127, 102, 32, 32, 32,
135, 102, 152, 156, 160,
146, 102, 68, 76, 72,
153, 102, 64, 64, 60,
160, 102, 32, 32, 32,
46, 103, 64, 68, 84,
53, 103, 88, 88, 104,
60, 103, 108, 124, 128,
67, 103, 52, 56, 68,
74, 103, 164, 160, 160,
81, 103, 32, 32, 32,
88, 103, 32, 32, 32,
95, 103, 32, 32, 32,
102, 103, 24, 24, 24,
110, 103, 32, 32, 32,
117, 103, 244, 244, 220,
124, 103, 32, 32, 32,
131, 103, 68, 72, 72,
139, 103, 44, 40, 40,
150, 103, 20, 20, 20,
157, 103, 252, 252, 252,
44, 104, 60, 64, 72,
51, 104, 104, 116, 120,
58, 104, 124, 140, 136,
65, 104, 80, 88, 96,
72, 104, 252, 252, 248,
79, 104, 36, 36, 36,
86, 104, 32, 32, 32,
93, 104, 32, 32, 32,
100, 104, 32, 32, 32,
108, 104, 96, 104, 108,
115, 104, 248, 248, 240,
123, 104, 36, 32, 32,
130, 104, 32, 32, 32,
138, 104, 140, 152, 156,
149, 104, 48, 48, 60,
156, 104, 124, 120, 120,
163, 104, 32, 32, 32,
50, 105, 96, 108, 120,
57, 105, 160, 244, 228,
64, 105, 92, 104, 104,
71, 105, 116, 188, 184,
78, 105, 40, 40, 40,
85, 105, 36, 36, 36,
92, 105, 32, 32, 32,
99, 105, 32, 32, 32,
106, 105, 40, 40, 40,
114, 105, 144, 148, 108,
121, 105, 240, 236, 124,
129, 105, 32, 32, 32,
137, 105, 32, 32, 36,
151, 105, 32, 32, 32,
158, 105, 124, 120, 120,
165, 105, 32, 32, 32,
52, 106, 76, 84, 100,
59, 106, 160, 212, 192,
66, 106, 80, 84, 96,
73, 106, 56, 88, 88,
80, 106, 152, 156, 160,
87, 106, 36, 32, 36,
94, 106, 32, 32, 32,
101, 106, 32, 32, 32,
108, 106, 52, 48, 52,
115, 106, 240, 236, 124,
122, 106, 240, 236, 124,
129, 106, 32, 32, 32,
136, 106, 20, 28, 24,
153, 106, 32, 32, 32,
160, 106, 252, 252, 252,
47, 107, 56, 60, 56,
54, 107, 104, 108, 128,
61, 107, 84, 96, 104,
68, 107, 60, 68, 72,
75, 107, 92, 104, 104,
82, 107, 252, 252, 252,
89, 107, 36, 36, 36,
96, 107, 32, 32, 32,
103, 107, 32, 32, 32,
110, 107, 88, 84, 96,
118, 107, 244, 244, 220,
125, 107, 84, 84, 20,
133, 107, 32, 32, 32,
141, 107, 216, 220, 224,
160, 107, 104, 104, 108,
167, 107, 28, 28, 28,
54, 108, 92, 104, 116,
61, 108, 160, 212, 192,
68, 108, 96, 96, 104,
75, 108, 68, 76, 80,
82, 108, 232, 236, 240,
89, 108, 40, 40, 40,
96, 108, 32, 32, 32,
103, 108, 32, 32, 32,
110, 108, 28, 28, 28,
118, 108, 240, 236, 124,
125, 108, 196, 192, 44,
133, 108, 32, 32, 32,
142, 108, 116, 128, 140,
161, 108, 72, 72, 76,
168, 108, 28, 28, 28,
55, 109, 76, 88, 96,
62, 109, 116, 188, 184,
69, 109, 76, 80, 88,
76, 109, 68, 76, 72,
83, 109, 168, 172, 176,
90, 109, 76, 72, 72,
97, 109, 32, 32, 32,
104, 109, 32, 32, 32,
111, 109, 36, 32, 32,
119, 109, 240, 236, 124,
126, 109, 196, 192, 44,
134, 109, 32, 32, 32,
142, 109, 140, 140, 156,
162, 109, 84, 84, 84,
50, 110, 88, 96, 104,
57, 110, 84, 96, 100,
64, 110, 104, 120, 132,
71, 110, 176, 212, 220,
78, 110, 36, 40, 40,
85, 110, 224, 224, 224,
92, 110, 68, 64, 68,
99, 110, 32, 32, 32,
106, 110, 32, 32, 32,
113, 110, 44, 48, 44,
120, 110, 188, 192, 120,
127, 110, 240, 236, 124,
134, 110, 32, 28, 32,
141, 110, 32, 32, 32,
161, 110, 32, 28, 28,
168, 110, 48, 48, 48,
54, 111, 196, 248, 244,
61, 111, 92, 104, 116,
68, 111, 32, 32, 32,
76, 111, 180, 252, 252,
85, 111, 52, 56, 56,
92, 111, 136, 144, 140,
99, 111, 32, 32, 32,
106, 111, 32, 32, 32,
113, 111, 28, 28, 28,
122, 111, 240, 236, 124,
129, 111, 196, 192, 44,
136, 111, 32, 32, 32,
144, 111, 164, 160, 160,
165, 111, 104, 104, 108,
50, 112, 40, 40, 44,
57, 112, 76, 84, 88,
64, 112, 216, 248, 248,
73, 112, 216, 248, 248,
84, 112, 76, 92, 88,
91, 112, 232, 232, 228,
98, 112, 36, 36, 36,
105, 112, 32, 32, 32,
112, 112, 32, 32, 32,
119, 112, 72, 80, 84,
127, 112, 244, 244, 220,
134, 112, 80, 80, 52,
143, 112, 28, 28, 28,
166, 112, 40, 40, 40,
52, 113, 76, 80, 96,
59, 113, 80, 88, 96,
66, 113, 116, 188, 184,
73, 113, 40, 48, 48,
85, 113, 20, 28, 24,
92, 113, 252, 252, 252,
99, 113, 40, 36, 40,
106, 113, 32, 32, 32,
113, 113, 32, 32, 32,
120, 113, 128, 128, 128,
127, 113, 252, 252, 252,
134, 113, 136, 140, 12,
141, 113, 84, 84, 20,
165, 113, 36, 36, 36,
172, 113, 20, 20, 20,
57, 114, 64, 76, 84,
64, 114, 52, 56, 56,
71, 114, 32, 32, 32,
79, 114, 116, 188, 184,
91, 114, 76, 84, 80,
98, 114, 56, 56, 56,
105, 114, 32, 32, 32,
112, 114, 32, 32, 32,
119, 114, 32, 32, 32,
126, 114, 224, 228, 184,
133, 114, 152, 152, 36,
140, 114, 112, 116, 8,
147, 114, 252, 252, 252,
171, 114, 168, 172, 176,
57, 115, 68, 76, 80,
64, 115, 36, 32, 32,
72, 115, 32, 32, 32,
80, 115, 116, 188, 184,
92, 115, 40, 48, 48,
99, 115, 96, 104, 108,
106, 115, 32, 32, 32,
113, 115, 32, 32, 32,
120, 115, 44, 48, 44,
128, 115, 252, 252, 248,
135, 115, 148, 148, 8,
142, 115, 112, 116, 8,
168, 115, 20, 20, 20,
54, 116, 96, 120, 116,
61, 116, 84, 92, 92,
69, 116, 160, 244, 228,
78, 116, 64, 68, 84,
92, 116, 32, 32, 36,
99, 116, 172, 184, 180,
106, 116, 36, 36, 36,
113, 116, 32, 32, 32,
120, 116, 28, 24, 24,
127, 116, 80, 80, 52,
134, 116, 240, 236, 124,
141, 116, 132, 128, 12,
149, 116, 200, 200, 200,
55, 117, 56, 88, 88,
62, 117, 28, 28, 28,
69, 117, 180, 252, 252,
76, 117, 84, 92, 104,
92, 117, 36, 36, 36,
99, 117, 252, 252, 252,
106, 117, 28, 28, 28,
113, 117, 32, 28, 28,
120, 117, 32, 28, 32,
127, 117, 32, 32, 32,
134, 117, 240, 236, 124,
141, 117, 132, 128, 12,
148, 117, 28, 28, 28,
57, 118, 108, 124, 128,
64, 118, 24, 32, 36,
72, 118, 148, 220, 216,
79, 118, 76, 80, 96,
97, 118, 84, 92, 92,
104, 118, 148, 144, 140,
111, 118, 32, 32, 32,
118, 118, 32, 32, 32,
125, 118, 84, 84, 84,
132, 118, 252, 252, 248,
139, 118, 136, 140, 12,
146, 118, 32, 32, 16,
58, 119, 72, 104, 108,
65, 119, 28, 32, 32,
73, 119, 180, 244, 236,
80, 119, 60, 64, 72,
99, 119, 68, 72, 72,
106, 119, 76, 76, 80,
113, 119, 32, 32, 32,
120, 119, 32, 32, 32,
127, 119, 52, 52, 52,
134, 119, 252, 252, 252,
141, 119, 136, 140, 12,
148, 119, 28, 24, 28,
61, 120, 180, 252, 252,
69, 120, 28, 24, 24,
76, 120, 100, 108, 120,
83, 120, 44, 44, 44,
103, 120, 184, 184, 188,
110, 120, 52, 52, 52,
117, 120, 32, 32, 32,
124, 120, 32, 32, 32,
131, 120, 48, 48, 52,
138, 120, 196, 192, 44,
145, 120, 112, 116, 8,
152, 120, 68, 64, 68,
68, 121, 20, 20, 24,
76, 121, 76, 80, 96,
83, 121, 60, 64, 72,
105, 121, 252, 252, 252,
112, 121, 32, 24, 32,
119, 121, 32, 32, 32,
126, 121, 32, 32, 32,
133, 121, 40, 40, 40,
140, 121, 152, 152, 36,
147, 121, 84, 84, 20,
154, 121, 64, 64, 60,
68, 122, 96, 112, 116,
75, 122, 76, 80, 96,
83, 122, 76, 76, 84,
108, 122, 252, 252, 252,
115, 122, 32, 32, 36,
122, 122, 32, 32, 32,
130, 122, 144, 148, 108,
137, 122, 240, 240, 240,
144, 122, 136, 140, 12,
151, 122, 32, 32, 32,
66, 123, 196, 248, 244,
75, 123, 124, 144, 156,
82, 123, 32, 32, 32,
106, 123, 40, 40, 40,
113, 123, 96, 96, 96,
120, 123, 32, 32, 32,
127, 123, 32, 32, 32,
135, 123, 36, 36, 36,
142, 123, 152, 152, 36,
149, 123, 84, 84, 20,
156, 123, 36, 36, 36,
71, 124, 96, 96, 116,
78, 124, 172, 184, 180,
85, 124, 72, 72, 76,
110, 124, 232, 236, 240,
117, 124, 44, 40, 40,
124, 124, 32, 32, 32,
131, 124, 32, 32, 32,
138, 124, 152, 156, 160,
145, 124, 148, 148, 8,
152, 124, 32, 32, 32,
67, 125, 196, 248, 244,
74, 125, 96, 104, 116,
81, 125, 36, 36, 36,
106, 125, 36, 32, 32,
113, 125, 252, 252, 252,
120, 125, 36, 36, 36,
127, 125, 32, 32, 32,
134, 125, 32, 32, 32,
141, 125, 244, 244, 220,
148, 125, 132, 128, 12,
155, 125, 32, 32, 32,
70, 126, 80, 88, 96,
78, 126, 148, 144, 140,
85, 126, 32, 32, 32,
111, 126, 68, 64, 68,
118, 126, 68, 64, 68,
125, 126, 32, 32, 32,
132, 126, 32, 32, 32,
139, 126, 36, 36, 36,
146, 126, 148, 148, 8,
153, 126, 32, 32, 32,
68, 127, 28, 32, 28,
75, 127, 24, 20, 24,
82, 127, 84, 84, 96,
109, 127, 32, 32, 32,
116, 127, 252, 252, 252,
123, 127, 52, 48, 52,
130, 127, 32, 32, 32,
137, 127, 28, 28, 28,
144, 127, 140, 140, 156,
151, 127, 120, 120, 32,
158, 127, 48, 48, 48,
73, 128, 44, 56, 68,
80, 128, 104, 112, 108,
87, 128, 20, 20, 20,
115, 128, 44, 44, 44,
122, 128, 64, 64, 60,
129, 128, 32, 28, 32,
136, 128, 32, 32, 32,
143, 128, 88, 84, 84,
150, 128, 52, 56, 24,
157, 128, 32, 28, 28,
72, 129, 88, 124, 112,
79, 129, 32, 32, 32,
86, 129, 32, 32, 32,
114, 129, 32, 32, 32,
121, 129, 224, 224, 224,
128, 129, 64, 64, 60,
135, 129, 32, 32, 32,
142, 129, 36, 36, 36,
149, 129, 28, 28, 28,
156, 129, 32, 32, 32,
73, 130, 36, 36, 36,
80, 130, 32, 32, 32,
87, 130, 28, 28, 28,
115, 130, 32, 32, 32,
123, 130, 232, 236, 240,
130, 130, 32, 32, 36,
137, 130, 32, 32, 32,
144, 130, 32, 28, 28,
152, 130, 32, 28, 28,
159, 130, 32, 32, 32,
80, 131, 32, 32, 32,
88, 131, 28, 28, 28,
117, 131, 32, 32, 32,
125, 131, 252, 252, 252,
132, 131, 32, 32, 36,
139, 131, 32, 32, 32,
146, 131, 24, 24, 24,
153, 131, 32, 32, 32,
160, 131, 32, 32, 32,
81, 132, 32, 32, 32,
88, 132, 56, 56, 60,
119, 132, 28, 28, 28,
126, 132, 252, 252, 252,
133, 132, 36, 36, 36,
140, 132, 32, 32, 32,
147, 132, 32, 28, 28,
154, 132, 32, 32, 32,
161, 132, 32, 32, 32,
82, 133, 32, 32, 32,
89, 133, 28, 28, 28,
122, 133, 40, 40, 40,
129, 133, 128, 128, 128,
136, 133, 32, 32, 32,
143, 133, 32, 32, 32,
150, 133, 32, 32, 32,
157, 133, 32, 32, 32,
164, 133, 32, 32, 32,
86, 134, 32, 32, 32,
94, 134, 224, 224, 224,
127, 134, 216, 216, 212,
134, 134, 36, 36, 36,
141, 134, 32, 32, 32,
148, 134, 32, 32, 32,
155, 134, 32, 32, 32,
162, 134, 32, 32, 32,
83, 135, 36, 36, 36,
90, 135, 200, 200, 200,
123, 135, 36, 36, 36,
130, 135, 252, 252, 252,
137, 135, 40, 40, 40,
144, 135, 32, 32, 32,
151, 135, 32, 32, 32,
158, 135, 32, 32, 32,
165, 135, 32, 32, 32,
86, 136, 32, 32, 32,
93, 136, 28, 28, 28,
128, 136, 44, 40, 40,
135, 136, 128, 128, 128,
142, 136, 32, 32, 32,
149, 136, 32, 32, 32,
156, 136, 32, 32, 32,
163, 136, 32, 32, 32,
85, 137, 32, 32, 32,
92, 137, 128, 128, 128,
127, 137, 32, 32, 32,
134, 137, 244, 240, 240,
141, 137, 32, 32, 36,
148, 137, 32, 32, 32,
155, 137, 32, 32, 32,
162, 137, 32, 32, 32,
169, 137, 32, 32, 32,
91, 138, 104, 112, 108,
128, 138, 28, 28, 28,
135, 138, 252, 252, 248,
142, 138, 36, 32, 36,
149, 138, 32, 32, 32,
156, 138, 32, 32, 32,
163, 138, 32, 32, 32,
170, 138, 32, 32, 32,
93, 139, 232, 236, 240,
132, 139, 28, 28, 28,
139, 139, 192, 196, 188,
146, 139, 32, 32, 32,
153, 139, 32, 32, 32,
160, 139, 32, 32, 32,
167, 139, 32, 32, 32,
90, 140, 32, 32, 32,
99, 140, 24, 24, 24,
137, 140, 216, 220, 224,
144, 140, 56, 60, 56,
151, 140, 32, 32, 32,
158, 140, 32, 32, 32,
165, 140, 32, 32, 32,
172, 140, 36, 36, 36,
95, 141, 172, 184, 180,
134, 141, 32, 32, 32,
141, 141, 240, 240, 240,
148, 141, 36, 36, 36,
155, 141, 32, 32, 32,
162, 141, 32, 32, 32,
169, 141, 32, 32, 32,
93, 142, 32, 32, 32,
133, 142, 24, 24, 24,
140, 142, 164, 160, 160,
147, 142, 56, 56, 60,
154, 142, 32, 32, 32,
161, 142, 32, 32, 32,
168, 142, 32, 32, 32,
175, 142, 20, 20, 24,
99, 143, 20, 20, 20,
141, 143, 124, 120, 120,
148, 143, 56, 56, 56,
155, 143, 32, 28, 28,
162, 143, 32, 32, 32,
169, 143, 32, 32, 32,
95, 144, 40, 40, 40,
137, 144, 32, 32, 32,
144, 144, 216, 220, 224,
151, 144, 24, 24, 24,
158, 144, 32, 32, 32,
165, 144, 32, 32, 32,
172, 144, 32, 32, 32,
98, 145, 32, 32, 32,
142, 145, 32, 32, 32,
149, 145, 128, 128, 128,
156, 145, 32, 32, 32,
163, 145, 32, 32, 32,
170, 145, 32, 32, 32,
177, 145, 32, 32, 32,
143, 146, 32, 28, 28,
150, 146, 200, 200, 200,
157, 146, 32, 32, 32,
164, 146, 32, 32, 32,
171, 146, 32, 32, 32,
178, 146, 32, 32, 32,
148, 147, 152, 152, 148,
155, 147, 56, 56, 56,
162, 147, 32, 32, 32,
169, 147, 32, 32, 32,
176, 147, 32, 32, 32,
147, 148, 28, 28, 28,
154, 148, 104, 112, 108,
161, 148, 32, 32, 32,
168, 148, 32, 32, 32,
175, 148, 32, 32, 32,
146, 149, 32, 32, 36,
153, 149, 252, 252, 252,
160, 149, 32, 28, 32,
167, 149, 32, 32, 32,
174, 149, 32, 32, 32,
181, 149, 32, 32, 32,
153, 150, 184, 184, 188,
160, 150, 40, 44, 40,
167, 150, 32, 32, 32,
174, 150, 32, 32, 32,
181, 150, 32, 32, 32,
155, 151, 216, 216, 212,
162, 151, 40, 40, 40,
169, 151, 32, 32, 32,
176, 151, 32, 32, 32,
183, 151, 28, 28, 28,
157, 152, 200, 200, 200,
164, 152, 36, 36, 36,
171, 152, 32, 32, 32,
178, 152, 32, 32, 32,
153, 153, 32, 32, 32,
160, 153, 240, 240, 240,
167, 153, 32, 28, 28,
174, 153, 32, 32, 32,
181, 153, 32, 32, 32,
156, 154, 32, 32, 32,
163, 154, 104, 104, 108,
170, 154, 32, 32, 32,
177, 154, 32, 32, 32,
184, 154, 32, 32, 32,
160, 155, 28, 28, 28,
167, 155, 40, 36, 40,
174, 155, 32, 32, 32,
181, 155, 32, 32, 32,
158, 156, 36, 36, 36,
165, 156, 168, 172, 176,
172, 156, 32, 32, 32,
179, 156, 32, 32, 32,
186, 156, 32, 32, 32,
164, 157, 92, 96, 96,
171, 157, 32, 32, 32,
178, 157, 32, 32, 32,
185, 157, 32, 32, 32,
164, 158, 28, 28, 28,
171, 158, 36, 36, 36,
178, 158, 32, 32, 32,
185, 158, 32, 28, 28,
165, 159, 24, 24, 24,
172, 159, 56, 56, 56,
179, 159, 32, 32, 32,
186, 159, 32, 32, 32,
167, 160, 24, 24, 24,
174, 160, 36, 36, 36,
181, 160, 32, 32, 32,
188, 160, 32, 32, 32,
169, 161, 32, 32, 32,
176, 161, 36, 36, 36,
183, 161, 32, 32, 32,
190, 161, 32, 32, 32,
172, 162, 88, 84, 84,
179, 162, 32, 32, 32,
186, 162, 32, 32, 32,
170, 163, 36, 32, 32,
177, 163, 68, 64, 68,
184, 163, 32, 32, 32,
191, 163, 32, 32, 32,
176, 164, 104, 104, 108,
183, 164, 32, 32, 32,
190, 164, 32, 32, 32,
175, 165, 32, 32, 32,
182, 165, 32, 28, 32,
189, 165, 32, 32, 32,
175, 166, 28, 28, 28,
182, 166, 52, 52, 52,
189, 166, 32, 32, 32,
176, 167, 20, 20, 20,
183, 167, 76, 76, 80,
190, 167, 32, 32, 32,
180, 168, 32, 32, 32,
187, 168, 32, 32, 32,
194, 168, 32, 32, 32,
185, 169, 44, 44, 44,
192, 169, 32, 32, 32,
185, 170, 32, 32, 32,
192, 170, 32, 32, 32,
186, 171, 36, 36, 36,
193, 171, 32, 32, 32,
190, 172, 32, 32, 32,
190, 173, 36, 36, 36,
