222, 38, 48, 48, 48,
222, 39, 252, 252, 252,
220, 40, 252, 252, 252,
218, 41, 208, 208, 208,
228, 41, 76, 76, 76,
124, 42, 196, 196, 196,
130, 42, 244, 244, 244,
136, 42, 116, 116, 116,
142, 42, 32, 32, 32,
150, 42, 252, 252, 252,
157, 42, 24, 24, 24,
220, 42, 200, 200, 200,
114, 43, 48, 48, 48,
120, 43, 184, 184, 184,
128, 43, 20, 20, 20,
155, 43, 196, 196, 196,
161, 43, 132, 132, 132,
220, 43, 248, 248, 248,
108, 44, 60, 60, 60,
114, 44, 232, 232, 232,
120, 44, 24, 24, 24,
159, 44, 36, 36, 36,
165, 44, 64, 64, 64,
228, 44, 184, 184, 184,
108, 45, 184, 184, 184,
162, 45, 24, 24, 24,
215, 45, 168, 168, 168,
69, 46, 24, 24, 24,
75, 46, 64, 64, 64,
81, 46, 252, 252, 252,
87, 46, 64, 64, 64,
99, 46, 28, 28, 28,
105, 46, 236, 236, 236,
214, 46, 36, 36, 36,
229, 46, 140, 140, 140,
69, 47, 252, 252, 252,
75, 47, 184, 184, 184,
81, 47, 156, 156, 156,
87, 47, 188, 188, 188,
93, 47, 116, 116, 116,
99, 47, 204, 204, 204,
173, 47, 88, 88, 88,
228, 47, 120, 120, 120,
66, 48, 144, 144, 144,
91, 48, 100, 100, 100,
97, 48, 112, 112, 112,
213, 48, 68, 68, 68,
59, 49, 100, 100, 100,
65, 49, 28, 28, 28,
174, 49, 64, 64, 64,
229, 49, 132, 132, 132,
60, 50, 64, 64, 64,
73, 50, 252, 252, 252,
84, 50, 144, 144, 144,
177, 50, 236, 236, 236,
218, 50, 252, 252, 252,
64, 51, 48, 48, 48,
70, 51, 120, 120, 120,
80, 51, 184, 184, 184,
87, 51, 88, 88, 88,
213, 51, 76, 76, 76,
54, 52, 252, 252, 252,
67, 52, 108, 108, 108,
77, 52, 176, 176, 176,
84, 52, 168, 168, 168,
213, 52, 24, 24, 24,
52, 53, 252, 252, 252,
64, 53, 40, 40, 40,
77, 53, 64, 64, 64,
180, 53, 104, 104, 104,
216, 53, 152, 152, 152,
51, 54, 252, 252, 252,
69, 54, 252, 252, 252,
78, 54, 20, 20, 20,
180, 54, 80, 80, 80,
216, 54, 252, 252, 252,
49, 55, 176, 176, 176,
67, 55, 20, 20, 20,
73, 55, 188, 188, 188,
183, 55, 252, 252, 252,
215, 55, 232, 232, 232,
230, 55, 20, 20, 20,
56, 56, 248, 248, 248,
71, 56, 112, 112, 112,
178, 56, 108, 108, 108,
210, 56, 56, 56, 56,
223, 56, 100, 100, 100,
55, 57, 252, 252, 252,
77, 57, 56, 56, 56,
187, 57, 132, 132, 132,
232, 57, 192, 192, 192,
54, 58, 204, 204, 204,
177, 58, 100, 100, 100,
188, 58, 252, 252, 252,
214, 58, 100, 100, 100,
228, 58, 228, 228, 228,
46, 59, 252, 252, 252,
72, 59, 252, 252, 252,
183, 59, 40, 40, 40,
209, 59, 228, 228, 228,
224, 59, 48, 48, 48,
234, 59, 124, 124, 124,
54, 60, 144, 144, 144,
72, 60, 112, 112, 112,
190, 60, 48, 48, 48,
209, 60, 136, 136, 136,
224, 60, 200, 200, 200,
50, 61, 172, 172, 172,
56, 61, 252, 252, 252,
69, 61, 192, 192, 192,
179, 61, 252, 252, 252,
196, 61, 156, 156, 156,
217, 61, 212, 212, 212,
235, 61, 56, 56, 56,
61, 62, 252, 252, 252,
175, 62, 252, 252, 252,
197, 62, 176, 176, 176,
217, 62, 252, 252, 252,
48, 63, 156, 156, 156,
54, 63, 56, 56, 56,
164, 63, 72, 72, 72,
177, 63, 132, 132, 132,
210, 63, 252, 252, 252,
236, 63, 88, 88, 88,
52, 64, 252, 252, 252,
61, 64, 68, 68, 68,
162, 64, 84, 84, 84,
172, 64, 140, 140, 140,
206, 64, 252, 252, 252,
218, 64, 196, 196, 196,
52, 65, 36, 36, 36,
58, 65, 192, 192, 192,
162, 65, 252, 252, 252,
171, 65, 120, 120, 120,
206, 65, 156, 156, 156,
218, 65, 252, 252, 252,
62, 66, 116, 116, 116,
123, 66, 100, 100, 100,
129, 66, 92, 92, 92,
135, 66, 20, 20, 20,
169, 66, 20, 20, 20,
204, 66, 96, 96, 96,
214, 66, 172, 172, 172,
59, 67, 252, 252, 252,
123, 67, 160, 160, 160,
133, 67, 196, 196, 196,
153, 67, 76, 76, 76,
198, 67, 120, 120, 120,
208, 67, 88, 88, 88,
235, 67, 52, 52, 52,
119, 68, 252, 252, 252,
137, 68, 128, 128, 128,
152, 68, 176, 176, 176,
166, 68, 168, 168, 168,
198, 68, 252, 252, 252,
213, 68, 120, 120, 120,
236, 68, 224, 224, 224,
118, 69, 132, 132, 132,
139, 69, 168, 168, 168,
145, 69, 40, 40, 40,
151, 69, 96, 96, 96,
158, 69, 220, 220, 220,
164, 69, 132, 132, 132,
178, 69, 160, 160, 160,
184, 69, 236, 236, 236,
190, 69, 236, 236, 236,
196, 69, 252, 252, 252,
207, 69, 76, 76, 76,
218, 69, 236, 236, 236,
61, 70, 124, 124, 124,
116, 70, 144, 144, 144,
129, 70, 248, 248, 248,
135, 70, 160, 160, 160,
144, 70, 224, 224, 224,
159, 70, 140, 140, 140,
165, 70, 248, 248, 248,
177, 70, 248, 248, 248,
183, 70, 64, 64, 64,
190, 70, 80, 80, 80,
196, 70, 116, 116, 116,
210, 70, 68, 68, 68,
216, 70, 252, 252, 252,
60, 71, 128, 128, 128,
110, 71, 160, 160, 160,
123, 71, 196, 196, 196,
132, 71, 40, 40, 40,
163, 71, 148, 148, 148,
173, 71, 188, 188, 188,
195, 71, 180, 180, 180,
209, 71, 88, 88, 88,
215, 71, 132, 132, 132,
60, 72, 116, 116, 116,
109, 72, 112, 112, 112,
123, 72, 84, 84, 84,
161, 72, 132, 132, 132,
169, 72, 196, 196, 196,
184, 72, 164, 164, 164,
190, 72, 196, 196, 196,
196, 72, 28, 28, 28,
213, 72, 108, 108, 108,
60, 73, 160, 160, 160,
120, 73, 252, 252, 252,
158, 73, 248, 248, 248,
164, 73, 244, 244, 244,
170, 73, 28, 28, 28,
180, 73, 252, 252, 252,
186, 73, 244, 244, 244,
192, 73, 28, 28, 28,
209, 73, 44, 44, 44,
218, 73, 236, 236, 236,
60, 74, 252, 252, 252,
118, 74, 200, 200, 200,
126, 74, 44, 44, 44,
132, 74, 252, 252, 252,
141, 74, 56, 56, 56,
156, 74, 248, 248, 248,
163, 74, 132, 132, 132,
174, 74, 248, 248, 248,
199, 74, 252, 252, 252,
216, 74, 180, 180, 180,
59, 75, 252, 252, 252,
101, 75, 52, 52, 52,
118, 75, 148, 148, 148,
133, 75, 48, 48, 48,
141, 75, 252, 252, 252,
155, 75, 56, 56, 56,
172, 75, 68, 68, 68,
206, 75, 40, 40, 40,
217, 75, 56, 56, 56,
98, 76, 80, 80, 80,
117, 76, 40, 40, 40,
138, 76, 128, 128, 128,
151, 76, 52, 52, 52,
170, 76, 24, 24, 24,
212, 76, 128, 128, 128,
58, 77, 248, 248, 248,
110, 77, 36, 36, 36,
123, 77, 156, 156, 156,
145, 77, 20, 20, 20,
162, 77, 36, 36, 36,
197, 77, 136, 136, 136,
235, 77, 176, 176, 176,
95, 78, 100, 100, 100,
112, 78, 104, 104, 104,
141, 78, 28, 28, 28,
147, 78, 80, 80, 80,
195, 78, 124, 124, 124,
213, 78, 24, 24, 24,
92, 79, 252, 252, 252,
115, 79, 24, 24, 24,
136, 79, 252, 252, 252,
143, 79, 192, 192, 192,
159, 79, 212, 212, 212,
201, 79, 240, 240, 240,
236, 79, 40, 40, 40,
92, 80, 40, 40, 40,
114, 80, 172, 172, 172,
122, 80, 64, 64, 64,
134, 80, 68, 68, 68,
153, 80, 164, 164, 164,
194, 80, 200, 200, 200,
225, 80, 28, 28, 28,
90, 81, 128, 128, 128,
112, 81, 244, 244, 244,
121, 81, 244, 244, 244,
133, 81, 252, 252, 252,
148, 81, 172, 172, 172,
154, 81, 20, 20, 20,
201, 81, 72, 72, 72,
234, 81, 168, 168, 168,
89, 82, 204, 204, 204,
111, 82, 244, 244, 244,
127, 82, 132, 132, 132,
140, 82, 244, 244, 244,
146, 82, 232, 232, 232,
200, 82, 104, 104, 104,
234, 82, 160, 160, 160,
87, 83, 248, 248, 248,
107, 83, 76, 76, 76,
120, 83, 20, 20, 20,
137, 83, 252, 252, 252,
209, 83, 188, 188, 188,
235, 83, 20, 20, 20,
98, 84, 76, 76, 76,
114, 84, 244, 244, 244,
137, 84, 128, 128, 128,
209, 84, 252, 252, 252,
55, 85, 224, 224, 224,
98, 85, 248, 248, 248,
114, 85, 244, 244, 244,
135, 85, 24, 24, 24,
207, 85, 76, 76, 76,
225, 85, 56, 56, 56,
83, 86, 252, 252, 252,
105, 86, 252, 252, 252,
120, 86, 164, 164, 164,
137, 86, 32, 32, 32,
207, 86, 252, 252, 252,
225, 86, 32, 32, 32,
83, 87, 64, 64, 64,
104, 87, 100, 100, 100,
114, 87, 244, 244, 244,
136, 87, 228, 228, 228,
206, 87, 252, 252, 252,
215, 87, 100, 100, 100,
224, 87, 244, 244, 244,
57, 88, 212, 212, 212,
96, 88, 184, 184, 184,
110, 88, 56, 56, 56,
125, 88, 200, 200, 200,
196, 88, 84, 84, 84,
210, 88, 196, 196, 196,
216, 88, 252, 252, 252,
233, 88, 184, 184, 184,
58, 89, 116, 116, 116,
101, 89, 184, 184, 184,
113, 89, 236, 236, 236,
125, 89, 168, 168, 168,
196, 89, 192, 192, 192,
210, 89, 204, 204, 204,
233, 89, 188, 188, 188,
79, 90, 156, 156, 156,
105, 90, 216, 216, 216,
114, 90, 236, 236, 236,
134, 90, 48, 48, 48,
202, 90, 44, 44, 44,
223, 90, 28, 28, 28,
59, 91, 48, 48, 48,
91, 91, 144, 144, 144,
104, 91, 192, 192, 192,
114, 91, 248, 248, 248,
134, 91, 212, 212, 212,
195, 91, 236, 236, 236,
207, 91, 40, 40, 40,
234, 91, 84, 84, 84,
60, 92, 60, 60, 60,
91, 92, 252, 252, 252,
104, 92, 40, 40, 40,
120, 92, 56, 56, 56,
184, 92, 252, 252, 252,
200, 92, 248, 248, 248,
233, 92, 220, 220, 220,
57, 93, 252, 252, 252,
90, 93, 252, 252, 252,
106, 93, 28, 28, 28,
124, 93, 180, 180, 180,
184, 93, 84, 84, 84,
207, 93, 80, 80, 80,
52, 94, 100, 100, 100,
62, 94, 156, 156, 156,
106, 94, 56, 56, 56,
124, 94, 52, 52, 52,
158, 94, 28, 28, 28,
164, 94, 228, 228, 228,
170, 94, 248, 248, 248,
176, 94, 252, 252, 252,
185, 94, 24, 24, 24,
194, 94, 36, 36, 36,
207, 94, 252, 252, 252,
50, 95, 20, 20, 20,
59, 95, 160, 160, 160,
89, 95, 228, 228, 228,
125, 95, 224, 224, 224,
133, 95, 72, 72, 72,
159, 95, 192, 192, 192,
166, 95, 152, 152, 152,
177, 95, 192, 192, 192,
183, 95, 196, 196, 196,
189, 95, 108, 108, 108,
195, 95, 208, 208, 208,
232, 95, 64, 64, 64,
59, 96, 252, 252, 252,
76, 96, 72, 72, 72,
118, 96, 216, 216, 216,
131, 96, 204, 204, 204,
156, 96, 52, 52, 52,
184, 96, 20, 20, 20,
191, 96, 188, 188, 188,
49, 97, 24, 24, 24,
60, 97, 184, 184, 184,
88, 97, 188, 188, 188,
117, 97, 20, 20, 20,
130, 97, 40, 40, 40,
153, 97, 192, 192, 192,
48, 98, 32, 32, 32,
60, 98, 152, 152, 152,
87, 98, 252, 252, 252,
117, 98, 212, 212, 212,
131, 98, 40, 40, 40,
217, 98, 40, 40, 40,
49, 99, 184, 184, 184,
63, 99, 240, 240, 240,
103, 99, 160, 160, 160,
117, 99, 192, 192, 192,
129, 99, 112, 112, 112,
150, 99, 252, 252, 252,
217, 99, 224, 224, 224,
54, 100, 240, 240, 240,
73, 100, 252, 252, 252,
104, 100, 28, 28, 28,
117, 100, 24, 24, 24,
129, 100, 144, 144, 144,
205, 100, 124, 124, 124,
46, 101, 44, 44, 44,
62, 101, 20, 20, 20,
86, 101, 132, 132, 132,
115, 101, 248, 248, 248,
146, 101, 216, 216, 216,
154, 101, 216, 216, 216,
215, 101, 128, 128, 128,
50, 102, 252, 252, 252,
61, 102, 140, 140, 140,
85, 102, 248, 248, 248,
114, 102, 252, 252, 252,
125, 102, 112, 112, 112,
149, 102, 44, 44, 44,
159, 102, 252, 252, 252,
214, 102, 92, 92, 92,
49, 103, 96, 96, 96,
56, 103, 20, 20, 20,
72, 103, 40, 40, 40,
111, 103, 72, 72, 72,
123, 103, 36, 36, 36,
150, 103, 132, 132, 132,
204, 103, 80, 80, 80,
45, 104, 200, 200, 200,
54, 104, 24, 24, 24,
72, 104, 148, 148, 148,
109, 104, 248, 248, 248,
117, 104, 192, 192, 192,
125, 104, 56, 56, 56,
154, 104, 208, 208, 208,
203, 104, 188, 188, 188,
45, 105, 252, 252, 252,
60, 105, 184, 184, 184,
83, 105, 84, 84, 84,
108, 105, 248, 248, 248,
116, 105, 252, 252, 252,
153, 105, 32, 32, 32,
159, 105, 116, 116, 116,
212, 105, 104, 104, 104,
48, 106, 156, 156, 156,
57, 106, 20, 20, 20,
72, 106, 196, 196, 196,
107, 106, 148, 148, 148,
120, 106, 248, 248, 248,
164, 106, 124, 124, 124,
44, 107, 244, 244, 244,
56, 107, 184, 184, 184,
63, 107, 116, 116, 116,
101, 107, 236, 236, 236,
114, 107, 76, 76, 76,
159, 107, 24, 24, 24,
201, 107, 184, 184, 184,
44, 108, 252, 252, 252,
56, 108, 188, 188, 188,
72, 108, 196, 196, 196,
107, 108, 100, 100, 100,
113, 108, 164, 164, 164,
165, 108, 240, 240, 240,
212, 108, 92, 92, 92,
49, 109, 28, 28, 28,
60, 109, 184, 184, 184,
100, 109, 212, 212, 212,
113, 109, 24, 24, 24,
168, 109, 76, 76, 76,
43, 110, 116, 116, 116,
57, 110, 24, 24, 24,
72, 110, 152, 152, 152,
161, 110, 152, 152, 152,
173, 110, 32, 32, 32,
179, 110, 36, 36, 36,
198, 110, 172, 172, 172,
33, 111, 28, 28, 28,
39, 111, 64, 64, 64,
47, 111, 64, 64, 64,
62, 111, 252, 252, 252,
100, 111, 252, 252, 252,
173, 111, 196, 196, 196,
179, 111, 204, 204, 204,
198, 111, 160, 160, 160,
32, 112, 188, 188, 188,
38, 112, 252, 252, 252,
44, 112, 184, 184, 184,
62, 112, 160, 160, 160,
100, 112, 180, 180, 180,
185, 112, 36, 36, 36,
228, 112, 188, 188, 188,
33, 113, 32, 32, 32,
40, 113, 28, 28, 28,
49, 113, 48, 48, 48,
73, 113, 196, 196, 196,
157, 113, 252, 252, 252,
206, 113, 36, 36, 36,
228, 113, 188, 188, 188,
42, 114, 240, 240, 240,
59, 114, 176, 176, 176,
98, 114, 184, 184, 184,
183, 114, 56, 56, 56,
224, 114, 116, 116, 116,
27, 115, 200, 200, 200,
35, 115, 140, 140, 140,
42, 115, 48, 48, 48,
58, 115, 252, 252, 252,
99, 115, 140, 140, 140,
195, 115, 252, 252, 252,
224, 115, 72, 72, 72,
25, 116, 108, 108, 108,
34, 116, 112, 112, 112,
40, 116, 104, 104, 104,
51, 116, 252, 252, 252,
73, 116, 252, 252, 252,
153, 116, 200, 200, 200,
193, 116, 120, 120, 120,
222, 116, 252, 252, 252,
11, 117, 236, 236, 236,
19, 117, 172, 172, 172,
29, 117, 248, 248, 248,
42, 117, 76, 76, 76,
57, 117, 56, 56, 56,
82, 117, 248, 248, 248,
179, 117, 112, 112, 112,
221, 117, 192, 192, 192,
11, 118, 104, 104, 104,
17, 118, 240, 240, 240,
29, 118, 24, 24, 24,
47, 118, 100, 100, 100,
60, 118, 120, 120, 120,
98, 118, 220, 220, 220,
191, 118, 64, 64, 64,
221, 118, 228, 228, 228,
18, 119, 72, 72, 72,
24, 119, 120, 120, 120,
42, 119, 84, 84, 84,
54, 119, 252, 252, 252,
73, 119, 36, 36, 36,
148, 119, 80, 80, 80,
190, 119, 40, 40, 40,
221, 119, 252, 252, 252,
17, 120, 252, 252, 252,
23, 120, 252, 252, 252,
43, 120, 252, 252, 252,
55, 120, 252, 252, 252,
73, 120, 40, 40, 40,
147, 120, 68, 68, 68,
190, 120, 208, 208, 208,
221, 120, 252, 252, 252,
17, 121, 252, 252, 252,
39, 121, 72, 72, 72,
47, 121, 196, 196, 196,
58, 121, 28, 28, 28,
82, 121, 208, 208, 208,
189, 121, 184, 184, 184,
220, 121, 252, 252, 252,
16, 122, 136, 136, 136,
44, 122, 108, 108, 108,
52, 122, 200, 200, 200,
74, 122, 228, 228, 228,
146, 122, 236, 236, 236,
189, 122, 244, 244, 244,
222, 122, 64, 64, 64,
40, 123, 72, 72, 72,
48, 123, 152, 152, 152,
55, 123, 104, 104, 104,
82, 123, 244, 244, 244,
172, 123, 136, 136, 136,
217, 123, 68, 68, 68,
16, 124, 208, 208, 208,
38, 124, 200, 200, 200,
44, 124, 252, 252, 252,
50, 124, 132, 132, 132,
56, 124, 188, 188, 188,
74, 124, 116, 116, 116,
143, 124, 160, 160, 160,
186, 124, 164, 164, 164,
217, 124, 252, 252, 252,
17, 125, 252, 252, 252,
40, 125, 252, 252, 252,
51, 125, 52, 52, 52,
60, 125, 240, 240, 240,
82, 125, 252, 252, 252,
170, 125, 216, 216, 216,
199, 125, 216, 216, 216,
19, 126, 176, 176, 176,
45, 126, 156, 156, 156,
57, 126, 20, 20, 20,
82, 126, 176, 176, 176,
169, 126, 220, 220, 220,
198, 126, 212, 212, 212,
220, 126, 208, 208, 208,
24, 127, 192, 192, 192,
44, 127, 68, 68, 68,
56, 127, 252, 252, 252,
76, 127, 208, 208, 208,
168, 127, 220, 220, 220,
197, 127, 252, 252, 252,
220, 127, 248, 248, 248,
24, 128, 140, 140, 140,
38, 128, 116, 116, 116,
49, 128, 124, 124, 124,
75, 128, 52, 52, 52,
97, 128, 152, 152, 152,
168, 128, 148, 148, 148,
197, 128, 100, 100, 100,
219, 128, 212, 212, 212,
28, 129, 248, 248, 248,
45, 129, 76, 76, 76,
63, 129, 152, 152, 152,
97, 129, 152, 152, 152,
167, 129, 144, 144, 144,
215, 129, 84, 84, 84,
24, 130, 136, 136, 136,
33, 130, 68, 68, 68,
49, 130, 156, 156, 156,
76, 130, 196, 196, 196,
98, 130, 244, 244, 244,
149, 130, 52, 52, 52,
181, 130, 248, 248, 248,
213, 130, 96, 96, 96,
24, 131, 176, 176, 176,
34, 131, 220, 220, 220,
40, 131, 252, 252, 252,
58, 131, 252, 252, 252,
77, 131, 204, 204, 204,
134, 131, 252, 252, 252,
151, 131, 176, 176, 176,
180, 131, 236, 236, 236,
212, 131, 252, 252, 252,
26, 132, 180, 180, 180,
37, 132, 116, 116, 116,
51, 132, 136, 136, 136,
65, 132, 56, 56, 56,
99, 132, 160, 160, 160,
145, 132, 88, 88, 88,
152, 132, 168, 168, 168,
179, 132, 200, 200, 200,
205, 132, 196, 196, 196,
214, 132, 124, 124, 124,
30, 133, 248, 248, 248,
58, 133, 28, 28, 28,
78, 133, 252, 252, 252,
130, 133, 252, 252, 252,
150, 133, 68, 68, 68,
177, 133, 160, 160, 160,
204, 133, 160, 160, 160,
214, 133, 200, 200, 200,
33, 134, 252, 252, 252,
39, 134, 104, 104, 104,
45, 134, 20, 20, 20,
59, 134, 80, 80, 80,
79, 134, 152, 152, 152,
126, 134, 120, 120, 120,
144, 134, 216, 216, 216,
160, 134, 36, 36, 36,
202, 134, 108, 108, 108,
217, 134, 252, 252, 252,
38, 135, 180, 180, 180,
44, 135, 252, 252, 252,
50, 135, 252, 252, 252,
62, 135, 52, 52, 52,
80, 135, 20, 20, 20,
123, 135, 132, 132, 132,
141, 135, 140, 140, 140,
155, 135, 20, 20, 20,
177, 135, 76, 76, 76,
203, 135, 116, 116, 116,
217, 135, 196, 196, 196,
46, 136, 92, 92, 92,
52, 136, 188, 188, 188,
63, 136, 28, 28, 28,
86, 136, 96, 96, 96,
122, 136, 252, 252, 252,
147, 136, 44, 44, 44,
174, 136, 224, 224, 224,
202, 136, 108, 108, 108,
52, 137, 192, 192, 192,
63, 137, 252, 252, 252,
81, 137, 84, 84, 84,
115, 137, 56, 56, 56,
121, 137, 40, 40, 40,
148, 137, 124, 124, 124,
172, 137, 88, 88, 88,
200, 137, 120, 120, 120,
53, 138, 192, 192, 192,
64, 138, 252, 252, 252,
81, 138, 244, 244, 244,
104, 138, 148, 148, 148,
110, 138, 188, 188, 188,
116, 138, 140, 140, 140,
148, 138, 252, 252, 252,
172, 138, 252, 252, 252,
212, 138, 68, 68, 68,
56, 139, 64, 64, 64,
66, 139, 44, 44, 44,
89, 139, 252, 252, 252,
107, 139, 196, 196, 196,
132, 139, 68, 68, 68,
149, 139, 96, 96, 96,
185, 139, 204, 204, 204,
216, 139, 208, 208, 208,
63, 140, 176, 176, 176,
70, 140, 216, 216, 216,
102, 140, 92, 92, 92,
134, 140, 76, 76, 76,
181, 140, 180, 180, 180,
199, 140, 48, 48, 48,
57, 141, 220, 220, 220,
66, 141, 48, 48, 48,
72, 141, 24, 24, 24,
91, 141, 188, 188, 188,
130, 141, 252, 252, 252,
180, 141, 252, 252, 252,
213, 141, 252, 252, 252,
64, 142, 132, 132, 132,
71, 142, 252, 252, 252,
91, 142, 252, 252, 252,
106, 142, 32, 32, 32,
126, 142, 252, 252, 252,
176, 142, 20, 20, 20,
213, 142, 144, 144, 144,
65, 143, 132, 132, 132,
73, 143, 44, 44, 44,
105, 143, 228, 228, 228,
111, 143, 116, 116, 116,
117, 143, 116, 116, 116,
123, 143, 200, 200, 200,
165, 143, 184, 184, 184,
195, 143, 228, 228, 228,
60, 144, 36, 36, 36,
68, 144, 248, 248, 248,
87, 144, 252, 252, 252,
107, 144, 104, 104, 104,
113, 144, 116, 116, 116,
119, 144, 116, 116, 116,
161, 144, 208, 208, 208,
173, 144, 252, 252, 252,
212, 144, 144, 144, 144,
64, 145, 128, 128, 128,
74, 145, 228, 228, 228,
105, 145, 48, 48, 48,
161, 145, 32, 32, 32,
194, 145, 128, 128, 128,
70, 146, 228, 228, 228,
95, 146, 84, 84, 84,
155, 146, 120, 120, 120,
168, 146, 252, 252, 252,
214, 146, 124, 124, 124,
71, 147, 48, 48, 48,
89, 147, 124, 124, 124,
108, 147, 40, 40, 40,
164, 147, 60, 60, 60,
191, 147, 196, 196, 196,
66, 148, 164, 164, 164,
75, 148, 112, 112, 112,
92, 148, 156, 156, 156,
108, 148, 224, 224, 224,
152, 148, 232, 232, 232,
164, 148, 164, 164, 164,
214, 148, 108, 108, 108,
74, 149, 28, 28, 28,
92, 149, 116, 116, 116,
100, 149, 252, 252, 252,
150, 149, 32, 32, 32,
161, 149, 176, 176, 176,
213, 149, 228, 228, 228,
77, 150, 192, 192, 192,
95, 150, 196, 196, 196,
143, 150, 188, 188, 188,
156, 150, 144, 144, 144,
188, 150, 156, 156, 156,
72, 151, 176, 176, 176,
97, 151, 116, 116, 116,
137, 151, 80, 80, 80,
143, 151, 180, 180, 180,
156, 151, 188, 188, 188,
216, 151, 208, 208, 208,
82, 152, 120, 120, 120,
112, 152, 188, 188, 188,
137, 152, 252, 252, 252,
151, 152, 216, 216, 216,
185, 152, 148, 148, 148,
72, 153, 20, 20, 20,
83, 153, 72, 72, 72,
112, 153, 36, 36, 36,
118, 153, 148, 148, 148,
135, 153, 76, 76, 76,
149, 153, 172, 172, 172,
184, 153, 56, 56, 56,
76, 154, 236, 236, 236,
99, 154, 232, 232, 232,
114, 154, 232, 232, 232,
121, 154, 144, 144, 144,
127, 154, 140, 140, 140,
142, 154, 20, 20, 20,
179, 154, 80, 80, 80,
191, 154, 164, 164, 164,
197, 154, 208, 208, 208,
76, 155, 48, 48, 48,
85, 155, 132, 132, 132,
107, 155, 224, 224, 224,
121, 155, 100, 100, 100,
127, 155, 100, 100, 100,
143, 155, 252, 252, 252,
179, 155, 244, 244, 244,
186, 155, 160, 160, 160,
192, 155, 92, 92, 92,
198, 155, 252, 252, 252,
215, 155, 152, 152, 152,
85, 156, 252, 252, 252,
109, 156, 216, 216, 216,
135, 156, 68, 68, 68,
141, 156, 76, 76, 76,
177, 156, 132, 132, 132,
183, 156, 248, 248, 248,
198, 156, 108, 108, 108,
216, 156, 100, 100, 100,
88, 157, 176, 176, 176,
111, 157, 252, 252, 252,
120, 157, 236, 236, 236,
126, 157, 224, 224, 224,
132, 157, 236, 236, 236,
139, 157, 32, 32, 32,
176, 157, 252, 252, 252,
182, 157, 32, 32, 32,
208, 157, 132, 132, 132,
84, 158, 104, 104, 104,
104, 158, 144, 144, 144,
119, 158, 252, 252, 252,
125, 158, 20, 20, 20,
131, 158, 28, 28, 28,
172, 158, 224, 224, 224,
191, 158, 252, 252, 252,
197, 158, 32, 32, 32,
214, 158, 124, 124, 124,
89, 159, 200, 200, 200,
114, 159, 188, 188, 188,
168, 159, 208, 208, 208,
183, 159, 64, 64, 64,
189, 159, 208, 208, 208,
195, 159, 204, 204, 204,
203, 159, 48, 48, 48,
86, 160, 116, 116, 116,
106, 160, 72, 72, 72,
116, 160, 100, 100, 100,
180, 160, 100, 100, 100,
186, 160, 92, 92, 92,
198, 160, 252, 252, 252,
208, 160, 252, 252, 252,
91, 161, 84, 84, 84,
116, 161, 236, 236, 236,
175, 161, 32, 32, 32,
182, 161, 76, 76, 76,
203, 161, 188, 188, 188,
214, 161, 240, 240, 240,
94, 162, 176, 176, 176,
119, 162, 188, 188, 188,
174, 162, 92, 92, 92,
180, 162, 60, 60, 60,
205, 162, 24, 24, 24,
91, 163, 52, 52, 52,
111, 163, 76, 76, 76,
125, 163, 216, 216, 216,
172, 163, 252, 252, 252,
200, 163, 60, 60, 60,
212, 163, 24, 24, 24,
97, 164, 208, 208, 208,
122, 164, 148, 148, 148,
167, 164, 164, 164, 164,
173, 164, 100, 100, 100,
212, 164, 100, 100, 100,
115, 165, 212, 212, 212,
128, 165, 84, 84, 84,
163, 165, 228, 228, 228,
169, 165, 28, 28, 28,
209, 165, 120, 120, 120,
100, 166, 144, 144, 144,
124, 166, 160, 160, 160,
156, 166, 40, 40, 40,
162, 166, 140, 140, 140,
205, 166, 240, 240, 240,
212, 166, 116, 116, 116,
119, 167, 236, 236, 236,
131, 167, 32, 32, 32,
155, 167, 180, 180, 180,
163, 167, 20, 20, 20,
206, 167, 196, 196, 196,
101, 168, 76, 76, 76,
122, 168, 128, 128, 128,
135, 168, 180, 180, 180,
146, 168, 156, 156, 156,
152, 168, 192, 192, 192,
159, 168, 248, 248, 248,
210, 168, 188, 188, 188,
123, 169, 88, 88, 88,
138, 169, 252, 252, 252,
144, 169, 252, 252, 252,
150, 169, 112, 112, 112,
163, 169, 188, 188, 188,
106, 170, 252, 252, 252,
130, 170, 112, 112, 112,
139, 170, 28, 28, 28,
147, 170, 168, 168, 168,
204, 170, 196, 196, 196,
109, 171, 184, 184, 184,
132, 171, 196, 196, 196,
148, 171, 140, 140, 140,
203, 171, 32, 32, 32,
109, 172, 88, 88, 88,
126, 172, 108, 108, 108,
145, 172, 64, 64, 64,
160, 172, 96, 96, 96,
208, 172, 72, 72, 72,
123, 173, 192, 192, 192,
136, 173, 176, 176, 176,
154, 173, 220, 220, 220,
204, 173, 196, 196, 196,
117, 174, 56, 56, 56,
125, 174, 44, 44, 44,
137, 174, 220, 220, 220,
151, 174, 20, 20, 20,
203, 174, 24, 24, 24,
118, 175, 252, 252, 252,
126, 175, 204, 204, 204,
138, 175, 200, 200, 200,
149, 175, 116, 116, 116,
156, 175, 160, 160, 160,
119, 176, 104, 104, 104,
129, 176, 96, 96, 96,
139, 176, 20, 20, 20,
149, 176, 100, 100, 100,
157, 176, 36, 36, 36,
133, 177, 252, 252, 252,
142, 177, 20, 20, 20,
155, 177, 180, 180, 180,
129, 178, 20, 20, 20,
150, 178, 252, 252, 252,
129, 179, 236, 236, 236,
135, 179, 40, 40, 40,
151, 179, 88, 88, 88,
132, 180, 192, 192, 192,
138, 180, 176, 176, 176,
144, 180, 44, 44, 44,
129, 181, 160, 160, 160,
139, 181, 176, 176, 176,
145, 181, 172, 172, 172,
136, 182, 200, 200, 200,
145, 182, 96, 96, 96,
135, 183, 120, 120, 120,
141, 183, 140, 140, 140,
147, 183, 140, 140, 140,
136, 184, 36, 36, 36,
142, 184, 164, 164, 164,
151, 184, 120, 120, 120,
137, 185, 252, 252, 252,
147, 185, 252, 252, 252,
135, 186, 32, 32, 32,
143, 186, 76, 76, 76,
134, 187, 236, 236, 236,
143, 187, 252, 252, 252,
152, 187, 68, 68, 68,
139, 188, 192, 192, 192,
151, 188, 220, 220, 220,
137, 189, 252, 252, 252,
153, 189, 24, 24, 24,
140, 190, 208, 208, 208,
137, 191, 212, 212, 212,
135, 192, 36, 36, 36,
141, 192, 168, 168, 168,
136, 193, 176, 176, 176,
146, 193, 108, 108, 108,
153, 193, 24, 24, 24,
142, 194, 248, 248, 248,
152, 194, 184, 184, 184,
143, 195, 252, 252, 252,
151, 195, 20, 20, 20,
142, 196, 36, 36, 36,
151, 196, 20, 20, 20,
142, 197, 252, 252, 252,
139, 198, 48, 48, 48,
146, 198, 52, 52, 52,
142, 199, 252, 252, 252,
150, 199, 96, 96, 96,
145, 200, 20, 20, 20,
153, 200, 252, 252, 252,
154, 201, 252, 252, 252,
149, 202, 36, 36, 36,
151, 203, 124, 124, 124,
150, 204, 116, 116, 116,
