89, 50, 200, 64, 168,
177, 51, 204, 68, 172,
91, 52, 192, 64, 160,
89, 53, 168, 56, 140,
175, 53, 204, 68, 172,
89, 54, 168, 56, 140,
93, 54, 224, 72, 188,
177, 54, 192, 64, 160,
91, 55, 192, 64, 160,
173, 55, 204, 68, 172,
177, 55, 192, 64, 160,
91, 56, 192, 64, 160,
95, 56, 192, 64, 160,
175, 56, 192, 64, 160,
89, 57, 168, 56, 140,
93, 57, 192, 64, 160,
171, 57, 204, 68, 172,
175, 57, 192, 64, 160,
89, 58, 168, 56, 140,
93, 58, 192, 64, 160,
97, 58, 224, 72, 188,
173, 58, 192, 64, 160,
177, 58, 192, 64, 160,
91, 59, 192, 64, 160,
95, 59, 192, 64, 160,
107, 59, 96, 12, 12,
140, 59, 84, 12, 12,
169, 59, 204, 68, 172,
173, 59, 192, 64, 160,
177, 59, 192, 64, 160,
91, 60, 192, 64, 160,
95, 60, 192, 64, 160,
99, 60, 192, 64, 160,
109, 60, 252, 36, 36,
140, 60, 244, 32, 36,
165, 60, 244, 32, 36,
169, 60, 192, 64, 164,
173, 60, 192, 64, 160,
177, 60, 192, 64, 160,
91, 61, 192, 64, 160,
95, 61, 192, 64, 160,
99, 61, 192, 64, 160,
107, 61, 228, 32, 32,
111, 61, 112, 12, 12,
140, 61, 252, 36, 36,
163, 61, 232, 32, 32,
167, 61, 224, 32, 32,
171, 61, 192, 64, 160,
175, 61, 192, 64, 160,
89, 62, 168, 56, 140,
93, 62, 192, 64, 160,
97, 62, 192, 64, 160,
101, 62, 224, 72, 188,
109, 62, 196, 28, 36,
138, 62, 224, 32, 32,
143, 62, 144, 20, 24,
167, 62, 224, 28, 28,
171, 62, 192, 64, 160,
175, 62, 192, 64, 160,
89, 63, 168, 56, 140,
93, 63, 192, 64, 160,
97, 63, 192, 64, 160,
101, 63, 188, 60, 156,
105, 63, 228, 32, 32,
109, 63, 204, 48, 136,
113, 63, 220, 72, 184,
117, 63, 220, 72, 184,
121, 63, 220, 72, 184,
125, 63, 220, 72, 184,
129, 63, 220, 72, 184,
133, 63, 220, 72, 184,
137, 63, 228, 32, 32,
141, 63, 204, 48, 136,
145, 63, 220, 72, 184,
149, 63, 220, 72, 184,
153, 63, 220, 72, 184,
157, 63, 220, 72, 184,
161, 63, 220, 72, 184,
165, 63, 252, 36, 44,
169, 63, 232, 20, 0,
173, 63, 192, 64, 160,
177, 63, 192, 64, 160,
91, 64, 192, 64, 160,
95, 64, 192, 64, 160,
99, 64, 192, 64, 160,
103, 64, 188, 64, 172,
107, 64, 220, 32, 44,
111, 64, 228, 28, 20,
115, 64, 192, 64, 160,
119, 64, 192, 64, 160,
123, 64, 192, 64, 160,
127, 64, 192, 64, 160,
131, 64, 192, 64, 160,
135, 64, 188, 64, 172,
139, 64, 220, 32, 44,
143, 64, 228, 28, 20,
147, 64, 192, 64, 160,
151, 64, 192, 64, 160,
155, 64, 192, 64, 160,
159, 64, 192, 64, 160,
163, 64, 216, 36, 52,
167, 64, 224, 28, 24,
171, 64, 192, 64, 160,
175, 64, 192, 64, 160,
89, 65, 168, 56, 140,
93, 65, 192, 64, 160,
97, 65, 192, 64, 160,
101, 65, 192, 64, 160,
105, 65, 196, 56, 136,
109, 65, 224, 32, 32,
113, 65, 192, 64, 160,
117, 65, 192, 64, 160,
121, 65, 192, 64, 160,
125, 65, 192, 64, 160,
129, 65, 192, 64, 160,
133, 65, 192, 64, 160,
137, 65, 196, 56, 136,
141, 65, 224, 32, 32,
145, 65, 192, 64, 160,
149, 65, 192, 64, 160,
153, 65, 192, 64, 160,
157, 65, 192, 64, 160,
161, 65, 188, 64, 172,
165, 65, 192, 64, 156,
169, 65, 228, 28, 20,
173, 65, 192, 64, 160,
177, 65, 192, 64, 160,
91, 66, 192, 64, 160,
95, 66, 192, 64, 160,
99, 66, 192, 64, 160,
103, 66, 188, 64, 172,
107, 66, 212, 40, 72,
111, 66, 228, 28, 20,
115, 66, 192, 64, 160,
119, 66, 192, 64, 160,
123, 66, 192, 64, 160,
127, 66, 192, 60, 160,
131, 66, 192, 64, 160,
135, 66, 188, 64, 172,
139, 66, 212, 40, 72,
143, 66, 228, 28, 20,
147, 66, 192, 64, 160,
151, 66, 192, 64, 160,
155, 66, 192, 64, 160,
159, 66, 192, 64, 160,
163, 66, 208, 48, 96,
167, 66, 224, 32, 32,
171, 66, 192, 64, 160,
175, 66, 192, 64, 160,
89, 67, 168, 56, 140,
93, 67, 192, 64, 160,
97, 67, 192, 64, 160,
101, 67, 192, 64, 160,
105, 67, 204, 52, 112,
109, 67, 224, 32, 32,
113, 67, 192, 64, 160,
117, 67, 192, 64, 160,
121, 67, 192, 48, 164,
125, 67, 192, 64, 160,
129, 67, 192, 64, 160,
133, 67, 192, 60, 160,
137, 67, 204, 52, 112,
141, 67, 224, 32, 32,
145, 67, 192, 64, 160,
149, 67, 192, 64, 160,
153, 67, 192, 64, 160,
157, 67, 192, 64, 160,
161, 67, 188, 64, 172,
165, 67, 192, 64, 164,
169, 67, 228, 24, 8,
173, 67, 192, 64, 160,
177, 67, 192, 64, 160,
91, 68, 192, 64, 160,
95, 68, 192, 64, 160,
99, 68, 192, 64, 160,
103, 68, 192, 64, 164,
107, 68, 224, 32, 32,
111, 68, 220, 32, 44,
115, 68, 192, 64, 160,
119, 68, 192, 64, 160,
123, 68, 192, 56, 160,
127, 68, 196, 140, 144,
131, 68, 192, 60, 160,
135, 68, 192, 64, 164,
139, 68, 224, 32, 32,
143, 68, 220, 32, 44,
147, 68, 192, 64, 160,
151, 68, 192, 64, 160,
155, 68, 192, 64, 160,
159, 68, 192, 64, 160,
163, 68, 228, 28, 12,
167, 68, 228, 28, 12,
171, 68, 192, 64, 160,
175, 68, 192, 64, 160,
89, 69, 168, 56, 140,
93, 69, 192, 64, 160,
97, 69, 192, 64, 160,
101, 69, 192, 64, 160,
105, 69, 196, 60, 144,
109, 69, 196, 60, 144,
113, 69, 192, 64, 160,
117, 69, 192, 64, 160,
121, 69, 192, 56, 160,
125, 69, 192, 64, 160,
129, 69, 192, 64, 160,
133, 69, 192, 84, 152,
137, 69, 196, 60, 144,
141, 69, 196, 60, 144,
145, 69, 192, 64, 160,
149, 69, 192, 64, 160,
153, 69, 192, 64, 160,
157, 69, 192, 64, 160,
161, 69, 192, 64, 160,
165, 69, 196, 60, 144,
169, 69, 192, 64, 160,
173, 69, 192, 64, 160,
177, 69, 192, 64, 160,
91, 70, 192, 64, 160,
95, 70, 192, 64, 160,
99, 70, 192, 64, 160,
103, 70, 192, 64, 160,
107, 70, 192, 64, 160,
111, 70, 192, 64, 160,
115, 70, 192, 64, 160,
119, 70, 192, 64, 160,
123, 70, 192, 64, 160,
127, 70, 192, 124, 144,
131, 70, 192, 64, 160,
135, 70, 192, 64, 160,
139, 70, 192, 64, 160,
143, 70, 192, 64, 160,
147, 70, 192, 64, 160,
151, 70, 192, 64, 160,
155, 70, 192, 64, 160,
159, 70, 192, 64, 160,
163, 70, 192, 64, 160,
167, 70, 192, 64, 160,
171, 70, 192, 64, 160,
175, 70, 192, 64, 160,
89, 71, 168, 56, 140,
93, 71, 192, 64, 160,
97, 71, 192, 64, 160,
101, 71, 192, 64, 160,
105, 71, 192, 64, 160,
109, 71, 192, 64, 160,
113, 71, 192, 64, 160,
117, 71, 192, 64, 160,
121, 71, 192, 92, 152,
125, 71, 192, 64, 160,
129, 71, 192, 64, 160,
133, 71, 192, 112, 148,
137, 71, 192, 64, 160,
141, 71, 192, 64, 160,
145, 71, 192, 64, 160,
149, 71, 192, 64, 160,
153, 71, 192, 64, 160,
157, 71, 192, 64, 160,
161, 71, 192, 64, 160,
165, 71, 192, 64, 160,
169, 71, 192, 64, 160,
173, 71, 192, 64, 160,
177, 71, 192, 64, 160,
91, 72, 192, 64, 160,
95, 72, 192, 64, 160,
99, 72, 192, 64, 160,
103, 72, 192, 64, 160,
107, 72, 192, 64, 160,
111, 72, 192, 64, 160,
115, 72, 192, 64, 160,
119, 72, 192, 64, 160,
123, 72, 192, 52, 160,
127, 72, 192, 148, 136,
131, 72, 192, 56, 160,
135, 72, 192, 64, 160,
139, 72, 192, 64, 160,
143, 72, 192, 64, 160,
147, 72, 192, 64, 160,
151, 72, 192, 64, 160,
155, 72, 192, 64, 160,
159, 72, 192, 64, 160,
163, 72, 192, 64, 160,
167, 72, 192, 64, 160,
171, 72, 192, 64, 160,
175, 72, 192, 64, 160,
89, 73, 168, 56, 140,
93, 73, 192, 64, 160,
97, 73, 192, 64, 160,
101, 73, 192, 64, 160,
105, 73, 192, 64, 160,
109, 73, 192, 64, 160,
113, 73, 192, 64, 160,
117, 73, 192, 64, 160,
121, 73, 192, 180, 128,
125, 73, 192, 64, 160,
129, 73, 192, 60, 160,
133, 73, 192, 184, 128,
137, 73, 192, 64, 160,
141, 73, 192, 64, 160,
145, 73, 192, 64, 160,
149, 73, 192, 64, 160,
153, 73, 192, 64, 160,
157, 73, 192, 64, 160,
161, 73, 192, 64, 160,
165, 73, 192, 64, 160,
169, 73, 192, 64, 160,
173, 73, 192, 64, 160,
177, 73, 192, 64, 160,
91, 74, 192, 64, 160,
95, 74, 192, 64, 160,
99, 74, 192, 64, 160,
103, 74, 192, 64, 160,
107, 74, 192, 64, 160,
111, 74, 192, 64, 160,
115, 74, 192, 64, 160,
119, 74, 192, 64, 160,
123, 74, 192, 64, 160,
127, 74, 192, 60, 160,
131, 74, 192, 64, 160,
135, 74, 192, 64, 160,
139, 74, 192, 64, 160,
143, 74, 192, 64, 160,
147, 74, 192, 64, 160,
151, 74, 192, 64, 160,
155, 74, 192, 64, 160,
159, 74, 192, 64, 160,
163, 74, 192, 64, 160,
167, 74, 192, 64, 160,
171, 74, 192, 64, 160,
175, 74, 192, 64, 160,
89, 75, 184, 60, 152,
93, 75, 192, 64, 160,
97, 75, 192, 64, 160,
101, 75, 192, 64, 160,
105, 75, 192, 64, 160,
109, 75, 192, 64, 160,
113, 75, 192, 64, 160,
117, 75, 192, 64, 160,
121, 75, 192, 64, 160,
125, 75, 192, 64, 160,
129, 75, 192, 64, 160,
133, 75, 192, 64, 160,
137, 75, 192, 64, 160,
141, 75, 192, 64, 160,
145, 75, 192, 64, 160,
149, 75, 192, 64, 160,
153, 75, 192, 64, 160,
157, 75, 192, 64, 160,
161, 75, 192, 64, 160,
165, 75, 192, 64, 160,
169, 75, 192, 64, 160,
173, 75, 192, 64, 160,
177, 75, 192, 64, 156,
91, 76, 188, 60, 156,
95, 76, 192, 64, 160,
99, 76, 192, 64, 160,
103, 76, 192, 64, 160,
107, 76, 192, 64, 160,
111, 76, 192, 64, 160,
115, 76, 192, 64, 160,
119, 76, 192, 64, 160,
123, 76, 192, 64, 160,
127, 76, 192, 64, 160,
131, 76, 192, 64, 160,
135, 76, 192, 64, 160,
139, 76, 192, 64, 160,
143, 76, 192, 64, 160,
147, 76, 192, 64, 160,
151, 76, 192, 64, 160,
155, 76, 192, 64, 160,
159, 76, 192, 64, 160,
163, 76, 192, 64, 160,
167, 76, 192, 64, 160,
171, 76, 192, 64, 160,
175, 76, 192, 64, 160,
90, 77, 48, 16, 40,
94, 77, 192, 64, 160,
98, 77, 192, 64, 160,
102, 77, 192, 64, 160,
106, 77, 192, 64, 160,
110, 77, 192, 64, 160,
114, 77, 192, 64, 160,
118, 77, 192, 64, 160,
122, 77, 192, 64, 160,
126, 77, 192, 64, 160,
130, 77, 192, 64, 160,
134, 77, 192, 64, 160,
138, 77, 192, 64, 160,
142, 77, 192, 64, 160,
146, 77, 192, 64, 160,
150, 77, 192, 64, 160,
154, 77, 192, 64, 160,
158, 77, 192, 64, 160,
162, 77, 192, 64, 160,
166, 77, 192, 64, 160,
170, 77, 192, 64, 160,
174, 77, 192, 64, 160,
91, 78, 48, 16, 40,
95, 78, 192, 64, 160,
99, 78, 192, 64, 160,
103, 78, 192, 64, 160,
107, 78, 192, 64, 160,
111, 78, 192, 64, 160,
115, 78, 192, 64, 160,
119, 78, 192, 64, 160,
123, 78, 192, 64, 160,
127, 78, 192, 64, 160,
131, 78, 192, 64, 160,
135, 78, 192, 64, 160,
139, 78, 192, 64, 160,
143, 78, 192, 64, 160,
147, 78, 192, 64, 160,
151, 78, 192, 64, 160,
155, 78, 192, 64, 160,
159, 78, 192, 64, 160,
163, 78, 192, 64, 160,
167, 78, 192, 64, 160,
171, 78, 192, 64, 160,
175, 78, 200, 64, 168,
94, 79, 192, 64, 156,
98, 79, 192, 64, 160,
102, 79, 192, 64, 160,
106, 79, 192, 64, 160,
110, 79, 192, 64, 160,
114, 79, 192, 64, 160,
118, 79, 192, 64, 160,
122, 79, 192, 64, 160,
126, 79, 192, 64, 160,
130, 79, 192, 64, 160,
134, 79, 192, 64, 160,
138, 79, 192, 64, 160,
142, 79, 192, 64, 160,
146, 79, 192, 64, 160,
150, 79, 192, 64, 160,
154, 79, 192, 64, 160,
158, 79, 192, 64, 160,
162, 79, 192, 64, 160,
166, 79, 192, 64, 160,
170, 79, 192, 64, 160,
174, 79, 200, 64, 168,
95, 80, 188, 60, 156,
99, 80, 192, 64, 160,
103, 80, 192, 64, 160,
107, 80, 192, 64, 160,
111, 80, 192, 64, 160,
115, 80, 192, 64, 160,
119, 80, 192, 64, 160,
123, 80, 192, 64, 160,
127, 80, 192, 64, 160,
131, 80, 192, 64, 160,
135, 80, 192, 64, 160,
139, 80, 192, 64, 160,
143, 80, 192, 64, 160,
147, 80, 192, 64, 160,
151, 80, 192, 64, 160,
155, 80, 192, 64, 160,
159, 80, 192, 64, 160,
163, 80, 192, 64, 160,
167, 80, 192, 64, 160,
171, 80, 192, 64, 160,
94, 81, 48, 16, 40,
98, 81, 192, 64, 160,
102, 81, 192, 64, 160,
106, 81, 192, 64, 160,
110, 81, 192, 64, 160,
114, 81, 192, 64, 160,
118, 81, 192, 64, 160,
122, 81, 192, 64, 160,
126, 81, 192, 64, 160,
130, 81, 192, 64, 160,
134, 81, 192, 64, 160,
138, 81, 192, 64, 160,
142, 81, 192, 64, 160,
146, 81, 192, 64, 160,
150, 81, 192, 64, 160,
154, 81, 192, 64, 160,
158, 81, 192, 64, 160,
162, 81, 192, 64, 160,
166, 81, 192, 64, 160,
170, 81, 192, 64, 160,
95, 82, 48, 16, 40,
99, 82, 192, 64, 160,
103, 82, 192, 64, 160,
107, 82, 192, 64, 160,
111, 82, 192, 64, 160,
115, 82, 192, 64, 160,
119, 82, 192, 64, 160,
123, 82, 192, 64, 160,
127, 82, 192, 64, 160,
131, 82, 192, 64, 160,
135, 82, 192, 64, 160,
139, 82, 192, 64, 160,
143, 82, 192, 64, 160,
147, 82, 192, 64, 160,
151, 82, 192, 64, 160,
155, 82, 192, 64, 160,
159, 82, 192, 64, 160,
163, 82, 192, 64, 160,
167, 82, 192, 64, 160,
171, 82, 200, 64, 168,
98, 83, 192, 64, 156,
102, 83, 192, 64, 160,
106, 83, 192, 64, 160,
110, 83, 192, 64, 160,
114, 83, 192, 64, 160,
118, 83, 192, 64, 160,
123, 83, 216, 68, 180,
127, 83, 192, 64, 160,
131, 83, 192, 64, 160,
135, 83, 192, 64, 160,
139, 83, 192, 64, 160,
143, 83, 192, 64, 156,
148, 83, 192, 64, 160,
152, 83, 192, 64, 160,
156, 83, 192, 64, 160,
160, 83, 192, 64, 160,
164, 83, 192, 64, 160,
168, 83, 192, 64, 160,
97, 84, 48, 16, 40,
101, 84, 192, 64, 160,
105, 84, 192, 64, 160,
109, 84, 192, 64, 160,
113, 84, 192, 64, 160,
117, 84, 192, 64, 160,
123, 84, 144, 48, 120,
127, 84, 192, 64, 160,
131, 84, 192, 64, 160,
135, 84, 192, 64, 160,
139, 84, 192, 64, 160,
143, 84, 216, 68, 180,
149, 84, 192, 64, 160,
153, 84, 192, 64, 160,
157, 84, 192, 64, 160,
161, 84, 192, 64, 160,
165, 84, 192, 64, 160,
169, 84, 232, 76, 192,
100, 85, 192, 64, 156,
104, 85, 192, 64, 160,
108, 85, 192, 64, 160,
112, 85, 192, 64, 160,
116, 85, 192, 64, 160,
120, 85, 220, 72, 184,
127, 85, 192, 64, 160,
131, 85, 192, 64, 160,
135, 85, 192, 64, 160,
139, 85, 192, 64, 160,
143, 85, 144, 48, 120,
150, 85, 192, 64, 160,
154, 85, 192, 64, 160,
158, 85, 192, 64, 160,
162, 85, 192, 64, 160,
166, 85, 192, 64, 160,
99, 86, 48, 16, 40,
103, 86, 192, 64, 160,
107, 86, 192, 64, 160,
111, 86, 192, 64, 160,
115, 86, 192, 64, 160,
119, 86, 192, 64, 160,
127, 86, 192, 64, 160,
131, 86, 192, 64, 160,
135, 86, 192, 64, 160,
139, 86, 192, 64, 160,
147, 86, 220, 72, 184,
151, 86, 192, 64, 160,
155, 86, 192, 64, 160,
159, 86, 192, 64, 160,
163, 86, 192, 64, 160,
167, 86, 200, 64, 168,
102, 87, 208, 68, 172,
106, 87, 208, 68, 172,
110, 87, 208, 68, 172,
114, 87, 204, 68, 172,
118, 87, 192, 64, 160,
127, 87, 204, 68, 168,
131, 87, 192, 64, 160,
135, 87, 192, 64, 160,
139, 87, 192, 64, 160,
148, 87, 192, 64, 160,
152, 87, 188, 60, 156,
156, 87, 208, 68, 172,
160, 87, 208, 68, 172,
164, 87, 208, 68, 172,
101, 88, 60, 20, 48,
105, 88, 72, 24, 60,
109, 88, 72, 24, 60,
113, 88, 72, 24, 60,
117, 88, 192, 64, 160,
121, 88, 128, 40, 104,
125, 88, 120, 40, 100,
129, 88, 192, 64, 160,
133, 88, 192, 64, 160,
137, 88, 192, 64, 160,
141, 88, 116, 40, 100,
145, 88, 120, 40, 100,
149, 88, 192, 64, 160,
153, 88, 96, 32, 80,
157, 88, 72, 24, 60,
161, 88, 72, 24, 60,
165, 88, 72, 24, 60,
117, 89, 192, 64, 160,
121, 89, 192, 64, 160,
125, 89, 192, 64, 160,
129, 89, 192, 64, 160,
133, 89, 192, 64, 160,
137, 89, 192, 64, 160,
141, 89, 192, 64, 160,
145, 89, 192, 64, 160,
149, 89, 192, 64, 160,
115, 90, 220, 72, 184,
119, 90, 192, 64, 160,
123, 90, 192, 64, 160,
127, 90, 192, 64, 160,
131, 90, 192, 64, 160,
135, 90, 192, 64, 160,
139, 90, 192, 64, 160,
143, 90, 192, 64, 160,
147, 90, 192, 64, 160,
151, 90, 192, 64, 160,
117, 91, 192, 64, 160,
121, 91, 192, 64, 160,
125, 91, 192, 64, 160,
129, 91, 192, 64, 160,
133, 91, 192, 64, 160,
137, 91, 192, 64, 160,
141, 91, 192, 64, 160,
145, 91, 192, 64, 160,
149, 91, 192, 64, 160,
115, 92, 220, 72, 184,
119, 92, 192, 64, 160,
123, 92, 192, 64, 160,
127, 92, 192, 64, 160,
131, 92, 192, 64, 160,
135, 92, 192, 64, 160,
139, 92, 192, 64, 160,
143, 92, 192, 64, 160,
147, 92, 192, 64, 160,
151, 92, 192, 64, 160,
117, 93, 192, 64, 160,
121, 93, 192, 64, 160,
125, 93, 192, 64, 160,
129, 93, 192, 64, 160,
133, 93, 192, 64, 160,
137, 93, 192, 64, 160,
141, 93, 192, 64, 160,
145, 93, 192, 64, 160,
149, 93, 192, 64, 160,
115, 94, 220, 72, 184,
119, 94, 192, 64, 160,
123, 94, 192, 64, 160,
127, 94, 192, 64, 160,
131, 94, 192, 64, 160,
135, 94, 192, 64, 160,
139, 94, 192, 64, 160,
143, 94, 192, 64, 160,
147, 94, 192, 64, 160,
151, 94, 192, 64, 160,
117, 95, 192, 64, 160,
121, 95, 192, 64, 160,
125, 95, 192, 64, 160,
129, 95, 192, 64, 160,
133, 95, 128, 40, 104,
137, 95, 192, 64, 160,
141, 95, 192, 64, 160,
145, 95, 192, 64, 160,
149, 95, 192, 64, 160,
116, 96, 176, 56, 148,
120, 96, 192, 64, 160,
124, 96, 192, 64, 160,
128, 96, 192, 64, 160,
132, 96, 144, 48, 120,
138, 96, 192, 64, 160,
142, 96, 192, 64, 160,
146, 96, 192, 64, 160,
150, 96, 196, 64, 164,
119, 97, 192, 64, 160,
123, 97, 192, 64, 160,
127, 97, 192, 64, 160,
131, 97, 144, 48, 120,
139, 97, 192, 64, 160,
143, 97, 192, 64, 160,
147, 97, 192, 64, 160,
118, 98, 188, 60, 156,
122, 98, 192, 60, 160,
126, 98, 192, 64, 160,
130, 98, 140, 44, 116,
139, 98, 192, 60, 156,
143, 98, 192, 60, 156,
147, 98, 192, 64, 160,
120, 99, 204, 68, 172,
124, 99, 192, 64, 160,
128, 99, 216, 60, 180,
138, 99, 156, 104, 188,
142, 99, 192, 60, 156,
146, 99, 188, 64, 160,
121, 100, 192, 156, 136,
125, 100, 192, 64, 160,
133, 100, 124, 140, 76,
141, 100, 116, 136, 196,
145, 100, 192, 60, 156,
122, 101, 192, 184, 128,
126, 101, 192, 80, 156,
130, 101, 168, 56, 140,
134, 101, 164, 52, 136,
138, 101, 160, 92, 172,
142, 101, 184, 68, 164,
146, 101, 188, 60, 156,
124, 102, 192, 64, 160,
128, 102, 192, 120, 144,
132, 102, 192, 52, 160,
136, 102, 192, 64, 160,
140, 102, 56, 196, 224,
144, 102, 212, 56, 156,
122, 103, 124, 140, 76,
126, 103, 192, 72, 156,
130, 103, 192, 64, 160,
134, 103, 192, 60, 160,
138, 103, 184, 68, 164,
142, 103, 116, 136, 196,
220, 103, 252, 252, 252,
124, 104, 176, 56, 148,
128, 104, 192, 72, 156,
132, 104, 192, 124, 144,
136, 104, 192, 64, 160,
140, 104, 64, 192, 224,
144, 104, 20, 60, 68,
221, 104, 252, 252, 252,
127, 105, 192, 132, 140,
131, 105, 192, 60, 160,
135, 105, 192, 64, 160,
139, 105, 116, 136, 196,
143, 105, 72, 240, 252,
221, 105, 60, 60, 48,
129, 106, 192, 64, 160,
133, 106, 192, 52, 160,
137, 106, 64, 192, 224,
141, 106, 188, 60, 156,
128, 107, 120, 40, 100,
132, 107, 120, 40, 100,
136, 107, 36, 112, 132,
140, 107, 140, 44, 116,
165, 108, 24, 72, 84,
166, 109, 16, 48, 56,
172, 109, 68, 208, 244,
168, 110, 32, 96, 116,
172, 110, 36, 112, 132,
169, 111, 56, 172, 200,
167, 112, 16, 64, 76,
171, 112, 72, 240, 252,
169, 113, 52, 164, 192,
166, 114, 8, 24, 28,
170, 114, 56, 172, 200,
166, 115, 32, 104, 120,
172, 115, 48, 152, 176,
173, 116, 16, 64, 76,
165, 117, 8, 24, 28,
124, 118, 252, 252, 252,
124, 119, 40, 40, 36,
115, 123, 48, 20, 20,
111, 124, 116, 48, 48,
110, 127, 68, 28, 28,
110, 129, 208, 88, 88,
110, 131, 164, 72, 72,
220, 131, 228, 228, 228,
120, 132, 48, 20, 20,
113, 133, 208, 88, 88,
72, 150, 24, 24, 24,
73, 151, 24, 24, 24,
106, 152, 32, 144, 32,
109, 153, 28, 120, 28,
142, 157, 28, 120, 28,
141, 158, 32, 144, 32,
220, 158, 44, 188, 44,
143, 159, 16, 72, 16,
219, 159, 12, 60, 12,
142, 160, 16, 68, 16,
220, 160, 20, 92, 20,
128, 161, 72, 72, 72,
127, 163, 252, 252, 252,
126, 164, 168, 168, 168,
181, 164, 16, 68, 16,
128, 165, 184, 184, 184,
182, 165, 28, 120, 28,
129, 166, 28, 28, 28,
126, 167, 220, 220, 220,
181, 167, 20, 84, 20,
127, 168, 248, 248, 248,
126, 169, 224, 224, 224,
125, 170, 172, 172, 172,
129, 170, 216, 216, 216,
126, 171, 248, 248, 248,
135, 171, 64, 64, 64,
124, 172, 252, 252, 252,
130, 172, 248, 248, 248,
119, 173, 92, 92, 92,
124, 173, 252, 252, 252,
130, 173, 244, 244, 244,
135, 173, 172, 172, 172,
122, 174, 220, 220, 220,
127, 174, 228, 228, 228,
132, 174, 220, 220, 220,
119, 175, 64, 64, 64,
123, 175, 224, 224, 224,
128, 175, 224, 224, 224,
133, 175, 240, 240, 240,
120, 176, 252, 252, 252,
124, 176, 252, 252, 252,
131, 176, 220, 220, 220,
135, 176, 204, 204, 204,
121, 177, 204, 204, 204,
126, 177, 216, 216, 216,
132, 177, 72, 72, 72,
136, 177, 236, 236, 236,
120, 178, 80, 80, 80,
126, 178, 216, 216, 216,
132, 178, 80, 80, 80,
137, 178, 28, 28, 28,
121, 179, 244, 244, 244,
128, 179, 172, 172, 172,
133, 179, 244, 244, 244,
118, 180, 244, 244, 244,
122, 180, 140, 140, 140,
128, 180, 172, 172, 172,
133, 180, 220, 220, 220,
137, 180, 28, 28, 28,
121, 181, 220, 220, 220,
126, 181, 212, 212, 212,
132, 181, 252, 252, 252,
136, 181, 252, 252, 252,
120, 182, 228, 228, 228,
127, 182, 220, 220, 220,
134, 182, 228, 228, 228,
118, 183, 244, 244, 244,
127, 183, 48, 48, 48,
136, 183, 252, 252, 252,
125, 184, 140, 140, 140,
129, 184, 204, 204, 204,
118, 185, 32, 32, 32,
125, 186, 248, 32, 32,
129, 186, 244, 32, 36,
125, 187, 224, 32, 32,
129, 187, 224, 32, 32,
124, 188, 220, 28, 28,
128, 188, 224, 32, 32,
132, 188, 108, 12, 12,
126, 189, 224, 32, 32,
130, 189, 228, 32, 32,
126, 190, 224, 32, 32,
130, 190, 168, 24, 24,
128, 191, 252, 36, 36,
128, 192, 144, 20, 24,
