45, 22, 44, 44, 36,
49, 23, 60, 52, 36,
51, 24, 52, 52, 20,
52, 25, 84, 72, 48,
50, 26, 96, 76, 48,
48, 27, 68, 68, 48,
55, 27, 52, 52, 20,
52, 28, 112, 88, 56,
48, 29, 68, 68, 48,
55, 29, 140, 120, 68,
50, 30, 112, 88, 56,
57, 30, 96, 76, 48,
52, 31, 120, 112, 60,
45, 32, 44, 44, 36,
52, 32, 112, 88, 56,
46, 33, 60, 52, 36,
53, 33, 120, 112, 60,
46, 34, 44, 44, 36,
53, 34, 120, 112, 60,
46, 35, 44, 44, 36,
53, 35, 112, 88, 56,
46, 36, 44, 44, 36,
53, 36, 120, 112, 60,
60, 36, 52, 52, 20,
53, 37, 112, 88, 56,
60, 37, 112, 88, 56,
53, 38, 112, 88, 56,
60, 38, 140, 120, 68,
51, 39, 96, 88, 52,
58, 39, 140, 120, 68,
49, 40, 68, 68, 48,
56, 40, 140, 120, 68,
47, 41, 60, 52, 36,
54, 41, 120, 112, 60,
61, 41, 52, 52, 20,
52, 42, 96, 76, 48,
59, 42, 152, 136, 84,
51, 43, 96, 76, 48,
58, 43, 136, 108, 64,
50, 44, 68, 68, 48,
57, 44, 120, 112, 60,
50, 45, 68, 68, 48,
57, 45, 120, 112, 60,
51, 46, 84, 72, 48,
58, 46, 152, 136, 84,
53, 47, 84, 72, 48,
60, 47, 60, 52, 36,
56, 48, 112, 88, 56,
51, 49, 84, 72, 48,
58, 49, 152, 136, 84,
53, 50, 96, 88, 52,
49, 51, 44, 44, 36,
56, 51, 112, 88, 56,
51, 52, 84, 72, 48,
58, 52, 52, 52, 20,
54, 53, 96, 88, 52,
52, 54, 96, 76, 48,
50, 55, 60, 52, 36,
49, 56, 44, 44, 36,
47, 57, 44, 44, 36,
54, 57, 52, 52, 20,
47, 59, 44, 44, 36,
48, 60, 44, 44, 36,
139, 80, 64, 72, 92,
146, 80, 36, 40, 72,
141, 81, 76, 80, 116,
148, 81, 68, 84, 116,
142, 82, 44, 48, 84,
149, 82, 128, 140, 176,
139, 83, 32, 44, 56,
146, 83, 44, 52, 96,
153, 83, 124, 140, 192,
138, 84, 32, 44, 56,
145, 84, 56, 64, 96,
152, 84, 80, 100, 156,
159, 84, 24, 32, 72,
143, 85, 68, 84, 116,
150, 85, 96, 120, 156,
157, 85, 112, 128, 184,
138, 86, 32, 44, 56,
145, 86, 100, 116, 144,
152, 86, 128, 140, 176,
159, 86, 124, 132, 200,
138, 87, 48, 56, 64,
145, 87, 100, 116, 144,
152, 87, 152, 168, 208,
159, 87, 112, 120, 172,
136, 88, 40, 44, 52,
143, 88, 80, 88, 116,
150, 88, 96, 104, 144,
157, 88, 80, 100, 156,
164, 88, 196, 212, 248,
140, 89, 52, 60, 84,
147, 89, 112, 116, 160,
154, 89, 124, 132, 172,
161, 89, 96, 100, 156,
168, 89, 40, 48, 76,
142, 90, 68, 84, 100,
149, 90, 88, 100, 128,
156, 90, 112, 128, 160,
163, 90, 124, 132, 184,
136, 91, 44, 52, 52,
143, 91, 80, 88, 116,
150, 91, 88, 100, 128,
157, 91, 152, 168, 208,
164, 91, 112, 128, 184,
171, 91, 28, 40, 68,
143, 92, 80, 84, 100,
150, 92, 96, 104, 144,
157, 92, 148, 164, 204,
164, 92, 164, 188, 236,
171, 92, 136, 148, 204,
141, 93, 48, 56, 72,
148, 93, 88, 100, 128,
155, 93, 180, 188, 204,
162, 93, 128, 140, 176,
169, 93, 204, 216, 248,
139, 94, 48, 56, 64,
146, 94, 88, 100, 128,
153, 94, 44, 60, 96,
160, 94, 204, 216, 248,
167, 94, 124, 140, 192,
174, 94, 80, 96, 128,
142, 95, 64, 72, 80,
149, 95, 44, 56, 84,
156, 95, 196, 212, 224,
163, 95, 228, 240, 248,
170, 95, 112, 128, 184,
137, 96, 40, 44, 52,
144, 96, 52, 60, 84,
151, 96, 44, 60, 96,
158, 96, 232, 248, 248,
165, 96, 248, 252, 252,
172, 96, 124, 140, 192,
139, 97, 64, 72, 80,
146, 97, 64, 72, 92,
153, 97, 88, 104, 140,
160, 97, 252, 252, 248,
167, 97, 180, 212, 228,
174, 97, 100, 108, 180,
139, 98, 48, 64, 72,
146, 98, 52, 60, 84,
153, 98, 44, 52, 96,
160, 98, 248, 252, 252,
167, 98, 220, 240, 244,
174, 98, 72, 84, 152,
138, 99, 48, 56, 64,
146, 99, 48, 56, 72,
153, 99, 60, 72, 104,
160, 99, 240, 248, 252,
167, 99, 228, 240, 248,
174, 99, 72, 84, 152,
137, 100, 48, 56, 64,
147, 100, 36, 44, 72,
154, 100, 44, 60, 96,
161, 100, 248, 252, 252,
168, 100, 84, 88, 152,
175, 100, 80, 100, 156,
139, 101, 32, 44, 48,
146, 101, 44, 48, 72,
153, 101, 44, 56, 84,
160, 101, 240, 248, 252,
167, 101, 208, 228, 240,
174, 101, 84, 88, 152,
181, 101, 112, 128, 184,
146, 102, 48, 56, 72,
153, 102, 40, 44, 76,
160, 102, 236, 248, 252,
167, 102, 228, 240, 248,
174, 102, 52, 60, 120,
181, 102, 136, 148, 204,
148, 103, 80, 84, 100,
155, 103, 80, 92, 120,
162, 103, 252, 252, 248,
169, 103, 96, 100, 156,
176, 103, 60, 76, 144,
183, 103, 80, 88, 116,
150, 104, 60, 72, 104,
157, 104, 100, 116, 144,
164, 104, 208, 228, 240,
171, 104, 40, 44, 104,
178, 104, 80, 100, 156,
143, 105, 40, 48, 64,
152, 105, 44, 48, 84,
159, 105, 152, 180, 208,
166, 105, 224, 248, 248,
173, 105, 72, 76, 136,
180, 105, 60, 64, 128,
148, 106, 44, 48, 72,
155, 106, 96, 104, 144,
162, 106, 128, 140, 176,
169, 106, 60, 64, 128,
176, 106, 36, 56, 116,
183, 106, 112, 128, 184,
149, 107, 40, 44, 76,
156, 107, 128, 140, 176,
163, 107, 84, 88, 152,
170, 107, 60, 64, 128,
177, 107, 60, 64, 128,
184, 107, 60, 80, 160,
150, 108, 28, 40, 68,
157, 108, 80, 96, 128,
164, 108, 64, 80, 116,
171, 108, 52, 60, 120,
178, 108, 80, 100, 156,
185, 108, 100, 108, 180,
150, 109, 36, 40, 72,
157, 109, 56, 64, 96,
164, 109, 36, 44, 72,
171, 109, 60, 64, 128,
178, 109, 96, 100, 156,
185, 109, 120, 140, 204,
154, 110, 44, 48, 84,
161, 110, 36, 40, 84,
168, 110, 80, 104, 140,
175, 110, 40, 44, 116,
182, 110, 40, 44, 116,
143, 111, 32, 40, 52,
155, 111, 56, 64, 96,
162, 111, 36, 40, 84,
169, 111, 148, 152, 204,
176, 111, 72, 84, 152,
183, 111, 124, 132, 200,
144, 112, 32, 40, 52,
154, 112, 44, 56, 84,
162, 112, 36, 40, 84,
169, 112, 112, 120, 172,
176, 112, 124, 132, 200,
183, 112, 112, 128, 184,
144, 113, 32, 40, 52,
153, 113, 36, 44, 72,
162, 113, 36, 40, 84,
169, 113, 96, 124, 172,
176, 113, 80, 100, 156,
183, 113, 60, 76, 144,
190, 113, 28, 44, 84,
151, 114, 56, 64, 96,
158, 114, 24, 32, 72,
165, 114, 28, 40, 68,
172, 114, 164, 184, 220,
179, 114, 72, 88, 136,
186, 114, 112, 128, 184,
146, 115, 32, 44, 56,
153, 115, 56, 64, 96,
162, 115, 36, 40, 84,
169, 115, 28, 44, 84,
176, 115, 40, 44, 104,
183, 115, 100, 108, 180,
190, 115, 80, 84, 168,
148, 116, 52, 60, 84,
157, 116, 32, 36, 72,
164, 116, 36, 40, 72,
171, 116, 112, 128, 160,
178, 116, 40, 44, 104,
185, 116, 124, 132, 184,
145, 117, 32, 44, 56,
159, 117, 36, 40, 84,
166, 117, 84, 84, 140,
173, 117, 236, 252, 252,
180, 117, 40, 44, 104,
187, 117, 48, 56, 148,
153, 118, 32, 36, 72,
160, 118, 100, 116, 144,
167, 118, 52, 56, 96,
174, 118, 196, 212, 248,
181, 118, 36, 56, 116,
188, 118, 48, 60, 116,
152, 119, 44, 48, 80,
159, 119, 68, 72, 116,
166, 119, 44, 52, 96,
173, 119, 88, 104, 140,
180, 119, 44, 52, 96,
187, 119, 40, 44, 104,
144, 120, 32, 40, 52,
156, 120, 68, 72, 116,
163, 120, 28, 40, 76,
170, 120, 36, 40, 84,
177, 120, 40, 44, 96,
184, 120, 32, 40, 96,
191, 120, 60, 64, 128,
153, 121, 52, 56, 96,
160, 121, 36, 40, 84,
167, 121, 36, 40, 84,
174, 121, 44, 52, 96,
181, 121, 48, 60, 116,
188, 121, 40, 44, 116,
145, 122, 32, 40, 52,
157, 122, 128, 140, 176,
164, 122, 64, 64, 116,
171, 122, 44, 60, 96,
178, 122, 40, 44, 104,
185, 122, 32, 40, 96,
192, 122, 60, 76, 144,
151, 123, 40, 44, 76,
158, 123, 44, 48, 84,
165, 123, 52, 56, 96,
172, 123, 64, 76, 132,
179, 123, 40, 44, 104,
186, 123, 48, 60, 116,
193, 123, 72, 84, 152,
151, 124, 52, 60, 84,
158, 124, 36, 48, 84,
165, 124, 44, 52, 96,
172, 124, 48, 60, 116,
179, 124, 64, 76, 132,
186, 124, 44, 56, 128,
193, 124, 60, 76, 144,
149, 125, 64, 68, 96,
157, 125, 28, 40, 68,
164, 125, 44, 52, 96,
171, 125, 96, 100, 156,
178, 125, 48, 60, 116,
185, 125, 52, 60, 120,
192, 125, 44, 56, 128,
147, 126, 64, 76, 100,
154, 126, 36, 44, 72,
162, 126, 28, 40, 76,
169, 126, 52, 60, 108,
176, 126, 52, 60, 120,
183, 126, 72, 76, 136,
190, 126, 40, 44, 116,
144, 127, 56, 60, 72,
151, 127, 56, 68, 96,
159, 127, 88, 104, 140,
166, 127, 44, 44, 96,
173, 127, 52, 60, 108,
180, 127, 204, 216, 248,
187, 127, 60, 64, 128,
194, 127, 44, 56, 128,
146, 128, 64, 76, 100,
156, 128, 44, 48, 80,
163, 128, 24, 40, 60,
170, 128, 248, 252, 252,
177, 128, 240, 252, 252,
184, 128, 48, 60, 116,
191, 128, 80, 84, 168,
143, 129, 40, 44, 52,
156, 129, 24, 40, 60,
163, 129, 36, 40, 84,
170, 129, 252, 252, 248,
177, 129, 128, 148, 176,
184, 129, 60, 64, 128,
191, 129, 60, 64, 128,
142, 130, 44, 48, 64,
155, 130, 40, 48, 76,
162, 130, 44, 52, 96,
169, 130, 252, 252, 248,
176, 130, 184, 212, 248,
183, 130, 112, 128, 200,
190, 130, 60, 80, 160,
197, 130, 36, 40, 72,
152, 131, 32, 36, 60,
160, 131, 36, 44, 72,
167, 131, 244, 252, 252,
174, 131, 148, 164, 204,
181, 131, 208, 228, 248,
188, 131, 236, 248, 252,
195, 131, 60, 80, 160,
147, 132, 32, 40, 52,
157, 132, 128, 140, 176,
164, 132, 112, 120, 172,
171, 132, 244, 252, 252,
178, 132, 244, 252, 244,
185, 132, 124, 140, 192,
192, 132, 60, 80, 160,
152, 133, 52, 60, 84,
159, 133, 28, 40, 76,
166, 133, 64, 80, 116,
173, 133, 116, 144, 176,
180, 133, 252, 252, 240,
187, 133, 240, 248, 252,
194, 133, 60, 76, 144,
147, 134, 32, 44, 56,
154, 134, 80, 92, 120,
161, 134, 68, 72, 116,
168, 134, 28, 44, 84,
175, 134, 140, 144, 180,
182, 134, 252, 248, 252,
189, 134, 252, 252, 240,
196, 134, 60, 80, 160,
149, 135, 80, 88, 116,
156, 135, 140, 156, 176,
163, 135, 68, 72, 116,
170, 135, 68, 72, 116,
177, 135, 96, 124, 172,
184, 135, 124, 156, 200,
191, 135, 184, 212, 248,
198, 135, 44, 52, 96,
148, 136, 48, 56, 72,
155, 136, 100, 116, 144,
162, 136, 52, 56, 96,
169, 136, 64, 64, 116,
176, 136, 80, 100, 156,
183, 136, 136, 160, 204,
190, 136, 252, 248, 252,
197, 136, 80, 104, 180,
145, 137, 52, 60, 84,
152, 137, 144, 172, 192,
159, 137, 140, 156, 176,
166, 137, 40, 48, 84,
173, 137, 72, 76, 136,
180, 137, 112, 128, 160,
187, 137, 228, 240, 248,
194, 137, 60, 76, 144,
143, 138, 80, 84, 100,
151, 138, 156, 172, 192,
158, 138, 172, 188, 220,
165, 138, 52, 60, 108,
172, 138, 72, 76, 136,
179, 138, 96, 100, 156,
186, 138, 80, 100, 156,
193, 138, 56, 76, 132,
142, 139, 80, 92, 108,
149, 139, 140, 156, 176,
156, 139, 236, 252, 252,
163, 139, 68, 72, 116,
170, 139, 64, 64, 116,
177, 139, 112, 120, 172,
184, 139, 80, 100, 156,
191, 139, 120, 140, 204,
198, 139, 84, 88, 152,
147, 140, 100, 116, 132,
154, 140, 128, 132, 160,
161, 140, 140, 144, 180,
168, 140, 64, 64, 116,
175, 140, 84, 88, 152,
182, 140, 112, 128, 184,
189, 140, 96, 128, 192,
196, 140, 136, 160, 204,
148, 141, 80, 92, 108,
155, 141, 196, 212, 224,
162, 141, 60, 72, 104,
169, 141, 64, 64, 116,
176, 141, 80, 100, 156,
183, 141, 112, 128, 184,
190, 141, 132, 152, 228,
197, 141, 136, 148, 204,
144, 142, 64, 76, 100,
153, 142, 112, 128, 160,
160, 142, 88, 104, 140,
167, 142, 44, 52, 96,
174, 142, 72, 76, 136,
181, 142, 120, 140, 204,
188, 142, 60, 76, 144,
195, 142, 112, 128, 160,
142, 143, 44, 48, 64,
149, 143, 56, 64, 84,
156, 143, 208, 228, 240,
163, 143, 40, 48, 84,
170, 143, 84, 84, 140,
177, 143, 124, 132, 184,
184, 143, 212, 216, 248,
191, 143, 232, 248, 248,
198, 143, 152, 168, 208,
143, 144, 80, 92, 108,
150, 144, 128, 140, 176,
157, 144, 64, 80, 116,
164, 144, 28, 40, 76,
171, 144, 84, 88, 152,
178, 144, 124, 140, 192,
185, 144, 240, 252, 252,
192, 144, 204, 216, 248,
199, 144, 28, 36, 84,
144, 145, 64, 76, 100,
151, 145, 100, 104, 132,
158, 145, 40, 48, 84,
165, 145, 44, 48, 84,
172, 145, 96, 100, 156,
179, 145, 112, 120, 172,
186, 145, 240, 252, 252,
193, 145, 136, 148, 204,
138, 146, 32, 44, 48,
146, 146, 88, 92, 112,
153, 146, 44, 56, 84,
160, 146, 40, 48, 84,
167, 146, 44, 44, 96,
174, 146, 128, 140, 176,
181, 146, 136, 148, 204,
188, 146, 220, 228, 244,
195, 146, 80, 104, 180,
145, 147, 64, 72, 80,
152, 147, 56, 64, 84,
159, 147, 40, 48, 76,
166, 147, 36, 40, 84,
173, 147, 112, 116, 160,
180, 147, 112, 128, 184,
187, 147, 196, 212, 248,
194, 147, 120, 140, 204,
146, 148, 32, 44, 56,
153, 148, 44, 60, 96,
160, 148, 52, 60, 84,
167, 148, 44, 52, 96,
174, 148, 112, 116, 160,
181, 148, 124, 140, 192,
188, 148, 124, 140, 192,
195, 148, 120, 140, 204,
151, 149, 48, 56, 72,
158, 149, 36, 40, 72,
165, 149, 36, 48, 84,
172, 149, 96, 104, 144,
179, 149, 124, 140, 192,
186, 149, 120, 140, 204,
193, 149, 152, 180, 236,
145, 150, 32, 40, 52,
155, 150, 40, 44, 76,
162, 150, 28, 40, 76,
169, 150, 64, 76, 132,
176, 150, 148, 152, 204,
183, 150, 152, 168, 208,
190, 150, 176, 188, 240,
197, 150, 96, 128, 192,
151, 151, 32, 36, 60,
159, 151, 28, 40, 76,
166, 151, 68, 72, 116,
173, 151, 240, 252, 252,
180, 151, 136, 148, 204,
187, 151, 124, 132, 200,
194, 151, 232, 248, 248,
152, 152, 28, 40, 68,
159, 152, 44, 48, 84,
166, 152, 68, 72, 116,
173, 152, 244, 244, 244,
180, 152, 152, 168, 208,
187, 152, 136, 148, 204,
194, 152, 232, 248, 248,
149, 153, 52, 60, 84,
157, 153, 36, 40, 72,
164, 153, 44, 52, 96,
171, 153, 96, 100, 156,
178, 153, 176, 188, 240,
185, 153, 176, 188, 240,
192, 153, 248, 252, 252,
199, 153, 56, 68, 96,
158, 154, 36, 40, 72,
165, 154, 44, 52, 96,
172, 154, 224, 248, 248,
179, 154, 164, 184, 220,
186, 154, 100, 108, 180,
193, 154, 244, 244, 244,
151, 155, 32, 40, 52,
165, 155, 68, 84, 116,
172, 155, 196, 216, 236,
179, 155, 164, 188, 236,
186, 155, 84, 88, 152,
193, 155, 244, 244, 244,
147, 156, 32, 40, 52,
164, 156, 40, 48, 84,
171, 156, 208, 228, 248,
178, 156, 196, 212, 248,
185, 156, 124, 140, 192,
192, 156, 252, 252, 248,
199, 156, 32, 36, 60,
162, 157, 36, 40, 72,
169, 157, 248, 252, 252,
176, 157, 252, 252, 248,
183, 157, 100, 108, 180,
190, 157, 236, 252, 252,
197, 157, 184, 212, 248,
150, 158, 32, 40, 52,
161, 158, 40, 48, 84,
168, 158, 152, 180, 208,
175, 158, 248, 252, 252,
182, 158, 136, 148, 204,
189, 158, 112, 128, 184,
196, 158, 156, 164, 228,
156, 159, 40, 44, 76,
163, 159, 40, 44, 76,
170, 159, 252, 252, 252,
177, 159, 220, 228, 244,
184, 159, 196, 212, 248,
191, 159, 248, 252, 252,
198, 159, 196, 212, 224,
158, 160, 40, 48, 84,
165, 160, 52, 60, 108,
172, 160, 244, 252, 252,
179, 160, 252, 252, 252,
186, 160, 252, 248, 252,
193, 160, 252, 252, 252,
151, 161, 36, 40, 72,
159, 161, 56, 64, 96,
166, 161, 112, 132, 172,
173, 161, 252, 252, 252,
180, 161, 252, 252, 248,
187, 161, 248, 252, 252,
194, 161, 236, 248, 244,
153, 162, 44, 48, 72,
160, 162, 60, 72, 104,
167, 162, 164, 184, 220,
174, 162, 252, 252, 252,
181, 162, 184, 212, 248,
188, 162, 244, 252, 244,
195, 162, 184, 212, 248,
149, 163, 40, 48, 64,
158, 163, 56, 64, 96,
165, 163, 112, 128, 160,
172, 163, 252, 252, 248,
179, 163, 196, 212, 248,
186, 163, 172, 188, 220,
193, 163, 248, 252, 252,
146, 164, 40, 48, 64,
158, 164, 56, 64, 96,
165, 164, 148, 164, 204,
172, 164, 252, 252, 248,
179, 164, 164, 184, 220,
186, 164, 152, 168, 208,
193, 164, 248, 252, 252,
152, 165, 32, 36, 60,
160, 165, 112, 116, 160,
167, 165, 164, 184, 220,
174, 165, 248, 252, 252,
181, 165, 248, 252, 252,
188, 165, 124, 132, 200,
195, 165, 252, 252, 252,
152, 166, 40, 44, 76,
159, 166, 128, 132, 160,
166, 166, 144, 160, 188,
173, 166, 236, 240, 248,
180, 166, 252, 252, 252,
187, 166, 240, 252, 252,
194, 166, 244, 244, 252,
146, 167, 64, 72, 92,
153, 167, 56, 64, 96,
160, 167, 156, 172, 192,
167, 167, 112, 132, 172,
174, 167, 204, 216, 248,
181, 167, 252, 252, 248,
188, 167, 224, 248, 248,
195, 167, 244, 252, 252,
146, 168, 64, 72, 80,
153, 168, 52, 60, 84,
160, 168, 164, 180, 200,
167, 168, 148, 164, 204,
174, 168, 248, 252, 252,
181, 168, 248, 252, 252,
188, 168, 184, 212, 248,
195, 168, 236, 252, 252,
144, 169, 48, 56, 64,
151, 169, 88, 100, 128,
158, 169, 100, 116, 144,
165, 169, 88, 104, 140,
172, 169, 244, 252, 252,
179, 169, 228, 240, 248,
186, 169, 196, 216, 236,
193, 169, 236, 240, 248,
142, 170, 56, 68, 76,
150, 170, 56, 64, 84,
157, 170, 128, 140, 176,
164, 170, 124, 132, 172,
171, 170, 156, 172, 192,
178, 170, 172, 188, 220,
185, 170, 220, 228, 244,
192, 170, 252, 252, 248,
142, 171, 64, 72, 80,
149, 171, 56, 64, 84,
156, 171, 100, 116, 132,
163, 171, 144, 160, 188,
170, 171, 52, 60, 108,
177, 171, 116, 144, 176,
184, 171, 252, 252, 248,
191, 171, 252, 252, 248,
143, 172, 80, 84, 100,
150, 172, 100, 104, 132,
157, 172, 144, 160, 188,
164, 172, 204, 216, 248,
171, 172, 144, 160, 188,
178, 172, 152, 180, 208,
185, 172, 228, 240, 248,
192, 172, 244, 252, 244,
143, 173, 80, 84, 100,
150, 173, 88, 92, 112,
157, 173, 144, 160, 188,
164, 173, 196, 212, 224,
171, 173, 164, 184, 220,
178, 173, 144, 172, 192,
185, 173, 236, 252, 252,
192, 173, 244, 252, 252,
144, 174, 64, 76, 100,
151, 174, 64, 72, 92,
158, 174, 60, 72, 104,
165, 174, 144, 160, 188,
172, 174, 148, 164, 204,
179, 174, 244, 252, 252,
186, 174, 112, 128, 184,
193, 174, 208, 228, 248,
145, 175, 96, 104, 112,
152, 175, 88, 92, 112,
159, 175, 128, 140, 176,
166, 175, 172, 188, 220,
173, 175, 208, 228, 248,
180, 175, 172, 188, 220,
187, 175, 124, 156, 200,
194, 175, 100, 108, 180,
146, 176, 100, 104, 132,
153, 176, 60, 72, 104,
160, 176, 128, 132, 160,
167, 176, 164, 180, 200,
174, 176, 248, 252, 252,
181, 176, 208, 228, 248,
188, 176, 228, 240, 248,
140, 177, 40, 44, 52,
147, 177, 128, 132, 160,
154, 177, 36, 44, 72,
161, 177, 124, 132, 172,
168, 177, 140, 144, 180,
175, 177, 236, 248, 252,
182, 177, 196, 216, 236,
189, 177, 248, 252, 252,
142, 178, 64, 76, 100,
149, 178, 100, 104, 132,
156, 178, 60, 72, 104,
163, 178, 112, 132, 172,
170, 178, 112, 116, 160,
177, 178, 208, 228, 248,
184, 178, 244, 252, 252,
191, 178, 244, 252, 252,
144, 179, 100, 116, 132,
151, 179, 112, 112, 136,
158, 179, 80, 88, 116,
165, 179, 144, 160, 188,
172, 179, 164, 184, 220,
179, 179, 228, 240, 248,
186, 179, 244, 252, 252,
140, 180, 48, 56, 64,
147, 180, 100, 116, 132,
154, 180, 84, 88, 128,
161, 180, 164, 180, 200,
168, 180, 172, 188, 220,
175, 180, 244, 252, 252,
182, 180, 244, 252, 252,
189, 180, 252, 252, 252,
143, 181, 88, 92, 112,
150, 181, 88, 100, 128,
157, 181, 124, 132, 172,
164, 181, 80, 96, 128,
171, 181, 96, 124, 172,
178, 181, 248, 252, 252,
185, 181, 252, 252, 252,
192, 181, 32, 40, 52,
145, 182, 80, 84, 100,
152, 182, 68, 84, 116,
159, 182, 96, 104, 144,
166, 182, 228, 232, 244,
173, 182, 164, 180, 200,
180, 182, 176, 188, 240,
187, 182, 252, 248, 252,
141, 183, 56, 68, 76,
148, 183, 68, 84, 100,
155, 183, 28, 40, 76,
162, 183, 156, 172, 192,
169, 183, 240, 252, 252,
176, 183, 244, 252, 252,
183, 183, 244, 252, 252,
190, 183, 156, 172, 192,
143, 184, 56, 60, 72,
150, 184, 36, 44, 72,
157, 184, 36, 48, 84,
164, 184, 228, 232, 244,
171, 184, 252, 248, 252,
178, 184, 196, 216, 236,
185, 184, 244, 252, 252,
139, 185, 44, 52, 52,
148, 185, 32, 44, 56,
158, 185, 140, 144, 180,
165, 185, 220, 228, 244,
172, 185, 252, 252, 252,
179, 185, 172, 188, 220,
186, 185, 248, 252, 252,
143, 186, 48, 56, 64,
157, 186, 128, 140, 176,
164, 186, 164, 180, 200,
171, 186, 244, 252, 244,
178, 186, 236, 248, 252,
185, 186, 196, 216, 236,
152, 187, 36, 40, 72,
159, 187, 140, 156, 176,
166, 187, 128, 140, 176,
173, 187, 248, 252, 252,
180, 187, 96, 124, 172,
187, 187, 248, 252, 252,
153, 188, 88, 100, 128,
160, 188, 164, 180, 200,
167, 188, 112, 132, 172,
174, 188, 248, 252, 252,
181, 188, 72, 84, 152,
188, 188, 32, 40, 52,
152, 189, 100, 104, 132,
159, 189, 172, 188, 220,
166, 189, 128, 140, 176,
173, 189, 148, 164, 204,
180, 189, 184, 212, 248,
187, 189, 68, 84, 100,
149, 190, 80, 88, 116,
156, 190, 208, 216, 232,
163, 190, 140, 144, 180,
170, 190, 164, 184, 220,
177, 190, 252, 252, 248,
184, 190, 228, 240, 248,
146, 191, 64, 68, 96,
153, 191, 100, 104, 132,
160, 191, 144, 160, 188,
167, 191, 128, 148, 176,
174, 191, 116, 144, 176,
181, 191, 176, 188, 240,
141, 192, 32, 44, 56,
148, 192, 64, 72, 92,
155, 192, 88, 100, 128,
162, 192, 152, 168, 208,
169, 192, 196, 212, 248,
176, 192, 252, 252, 252,
183, 192, 244, 252, 252,
144, 193, 48, 56, 72,
154, 193, 64, 68, 96,
161, 193, 180, 188, 204,
168, 193, 208, 228, 248,
175, 193, 252, 252, 252,
182, 193, 236, 248, 252,
143, 194, 44, 48, 72,
150, 194, 80, 88, 116,
157, 194, 156, 172, 192,
164, 194, 196, 212, 224,
171, 194, 164, 184, 220,
178, 194, 244, 244, 252,
141, 195, 40, 48, 64,
148, 195, 52, 60, 84,
155, 195, 88, 100, 128,
162, 195, 124, 132, 172,
169, 195, 228, 240, 248,
176, 195, 236, 252, 252,
183, 195, 40, 48, 64,
145, 196, 80, 88, 116,
152, 196, 40, 48, 84,
159, 196, 208, 228, 240,
166, 196, 172, 188, 220,
173, 196, 252, 252, 252,
180, 196, 248, 252, 252,
145, 197, 88, 92, 112,
152, 197, 56, 64, 96,
159, 197, 208, 228, 248,
166, 197, 208, 228, 248,
173, 197, 244, 252, 252,
180, 197, 192, 196, 220,
145, 198, 76, 80, 116,
152, 198, 100, 116, 144,
159, 198, 208, 228, 248,
166, 198, 196, 212, 224,
173, 198, 244, 252, 252,
180, 198, 56, 60, 72,
144, 199, 64, 72, 92,
152, 199, 128, 132, 160,
159, 199, 208, 228, 248,
166, 199, 196, 216, 236,
173, 199, 248, 252, 252,
139, 200, 32, 40, 52,
146, 200, 40, 48, 64,
153, 200, 116, 144, 176,
160, 200, 204, 216, 248,
167, 200, 208, 240, 244,
174, 200, 244, 252, 252,
141, 201, 56, 64, 84,
148, 201, 100, 116, 132,
155, 201, 112, 128, 160,
162, 201, 196, 212, 224,
169, 201, 240, 252, 252,
176, 201, 196, 212, 224,
143, 202, 80, 92, 108,
150, 202, 100, 104, 132,
157, 202, 144, 160, 188,
164, 202, 240, 252, 252,
171, 202, 248, 252, 252,
140, 203, 56, 60, 72,
147, 203, 100, 104, 132,
154, 203, 144, 160, 188,
161, 203, 224, 248, 248,
168, 203, 240, 248, 252,
175, 203, 48, 56, 72,
144, 204, 88, 92, 112,
151, 204, 100, 116, 144,
158, 204, 144, 160, 188,
165, 204, 208, 228, 240,
172, 204, 240, 252, 252,
143, 205, 88, 92, 112,
150, 205, 112, 128, 160,
157, 205, 152, 180, 208,
164, 205, 228, 240, 248,
171, 205, 220, 228, 244,
142, 206, 80, 92, 108,
149, 206, 128, 140, 176,
156, 206, 188, 228, 248,
163, 206, 228, 240, 248,
170, 206, 196, 212, 224,
143, 207, 88, 92, 112,
150, 207, 128, 140, 176,
157, 207, 224, 248, 248,
164, 207, 224, 248, 248,
137, 208, 32, 44, 48,
144, 208, 80, 92, 108,
151, 208, 172, 188, 220,
158, 208, 224, 248, 248,
165, 208, 224, 248, 248,
138, 209, 40, 44, 52,
145, 209, 100, 104, 132,
152, 209, 196, 216, 236,
159, 209, 220, 240, 244,
166, 209, 116, 132, 144,
143, 210, 64, 76, 100,
150, 210, 164, 184, 220,
157, 210, 188, 228, 248,
164, 210, 164, 180, 200,
142, 211, 64, 76, 100,
149, 211, 172, 188, 220,
156, 211, 188, 228, 248,
163, 211, 68, 84, 100,
143, 212, 80, 92, 120,
150, 212, 172, 188, 220,
157, 212, 188, 228, 248,
139, 213, 48, 56, 72,
146, 213, 128, 140, 176,
153, 213, 180, 212, 228,
160, 213, 32, 44, 56,
143, 214, 100, 104, 132,
150, 214, 172, 188, 220,
157, 214, 56, 68, 76,
143, 215, 88, 100, 128,
150, 215, 172, 188, 220,
138, 216, 48, 56, 72,
145, 216, 112, 132, 172,
152, 216, 32, 40, 52,
143, 217, 100, 104, 132,
138, 218, 48, 56, 64,
