141, 47, 196, 204, 228,
142, 49, 104, 180, 248,
145, 50, 112, 132, 180,
145, 51, 4, 8, 140,
143, 52, 8, 32, 160,
140, 53, 0, 44, 160,
135, 54, 48, 144, 240,
128, 55, 28, 60, 204,
140, 55, 0, 40, 164,
132, 56, 64, 148, 232,
124, 57, 72, 136, 184,
136, 57, 0, 52, 168,
127, 58, 152, 244, 248,
139, 58, 0, 36, 172,
129, 59, 0, 20, 148,
141, 59, 196, 204, 228,
129, 60, 104, 132, 232,
141, 60, 228, 240, 212,
129, 61, 220, 208, 184,
141, 61, 236, 216, 196,
118, 62, 0, 32, 236,
130, 62, 236, 220, 188,
142, 62, 240, 236, 188,
114, 63, 0, 36, 180,
126, 63, 152, 148, 128,
152, 63, 248, 240, 200,
118, 64, 0, 32, 236,
132, 64, 236, 224, 184,
144, 64, 184, 176, 148,
112, 65, 0, 28, 212,
124, 65, 24, 136, 200,
136, 65, 140, 136, 116,
148, 65, 144, 140, 116,
109, 66, 0, 8, 92,
121, 66, 48, 144, 240,
133, 66, 140, 136, 116,
145, 66, 144, 140, 116,
157, 66, 136, 124, 116,
116, 67, 152, 244, 248,
128, 67, 132, 116, 108,
140, 67, 140, 136, 116,
152, 67, 140, 136, 116,
111, 68, 4, 4, 28,
123, 68, 0, 24, 176,
135, 68, 140, 136, 116,
147, 68, 140, 136, 116,
105, 69, 20, 56, 140,
117, 69, 24, 136, 200,
129, 69, 144, 140, 116,
141, 69, 140, 136, 116,
153, 69, 140, 136, 116,
111, 70, 16, 24, 12,
123, 70, 0, 44, 180,
135, 70, 140, 136, 116,
147, 70, 148, 124, 116,
106, 71, 48, 40, 76,
118, 71, 0, 36, 180,
130, 71, 148, 128, 128,
142, 71, 144, 140, 116,
156, 71, 224, 208, 224,
107, 72, 20, 56, 140,
119, 72, 0, 36, 180,
131, 72, 160, 140, 120,
143, 72, 144, 140, 116,
158, 72, 12, 24, 36,
106, 73, 96, 196, 232,
118, 73, 0, 36, 172,
130, 73, 132, 116, 108,
142, 73, 144, 140, 116,
156, 73, 24, 24, 36,
99, 74, 0, 0, 0,
111, 74, 0, 44, 160,
123, 74, 0, 44, 180,
135, 74, 120, 108, 92,
147, 74, 100, 96, 84,
159, 74, 112, 120, 132,
100, 75, 0, 8, 48,
112, 75, 0, 40, 164,
124, 75, 0, 36, 188,
136, 75, 128, 128, 104,
148, 75, 100, 96, 84,
228, 75, 0, 60, 204,
95, 76, 120, 228, 248,
107, 76, 0, 36, 156,
119, 76, 0, 44, 172,
131, 76, 104, 52, 32,
143, 76, 64, 60, 80,
155, 76, 64, 60, 80,
233, 76, 104, 132, 232,
97, 77, 24, 100, 216,
109, 77, 4, 28, 116,
121, 77, 0, 44, 172,
133, 77, 132, 116, 108,
145, 77, 100, 84, 84,
157, 77, 48, 40, 76,
232, 77, 12, 80, 240,
92, 78, 120, 228, 248,
104, 78, 0, 80, 228,
116, 78, 0, 0, 4,
128, 78, 140, 136, 116,
140, 78, 100, 84, 84,
152, 78, 48, 40, 76,
225, 78, 0, 72, 252,
82, 79, 28, 60, 204,
94, 79, 0, 48, 172,
106, 79, 0, 44, 172,
118, 79, 8, 8, 68,
130, 79, 184, 176, 148,
142, 79, 48, 40, 76,
154, 79, 32, 24, 36,
226, 79, 0, 68, 248,
81, 80, 0, 28, 212,
93, 80, 0, 48, 172,
105, 80, 0, 52, 168,
117, 80, 4, 4, 28,
129, 80, 152, 148, 128,
141, 80, 24, 24, 36,
153, 80, 32, 24, 36,
223, 80, 0, 72, 252,
75, 81, 200, 224, 248,
87, 81, 24, 100, 216,
99, 81, 0, 52, 180,
111, 81, 24, 136, 200,
123, 81, 104, 132, 232,
135, 81, 100, 84, 84,
147, 81, 48, 40, 76,
159, 81, 48, 32, 32,
228, 81, 0, 80, 228,
78, 82, 28, 100, 184,
90, 82, 28, 60, 204,
102, 82, 0, 52, 180,
114, 82, 0, 8, 48,
126, 82, 100, 96, 84,
138, 82, 20, 12, 28,
150, 82, 24, 24, 36,
218, 82, 104, 180, 248,
230, 82, 0, 20, 148,
77, 83, 120, 228, 248,
89, 83, 28, 100, 184,
101, 83, 0, 60, 176,
113, 83, 0, 32, 160,
125, 83, 24, 24, 36,
137, 83, 0, 12, 12,
149, 83, 24, 24, 36,
161, 83, 0, 4, 0,
227, 83, 0, 32, 152,
73, 84, 64, 148, 232,
85, 84, 28, 60, 172,
97, 84, 0, 52, 168,
109, 84, 220, 212, 196,
121, 84, 4, 8, 80,
133, 84, 236, 220, 188,
146, 84, 20, 24, 36,
158, 84, 0, 0, 4,
223, 84, 36, 172, 236,
67, 85, 12, 80, 212,
79, 85, 0, 52, 180,
91, 85, 0, 32, 152,
103, 85, 188, 180, 168,
115, 85, 164, 168, 144,
127, 85, 220, 208, 184,
139, 85, 248, 240, 200,
153, 85, 20, 12, 28,
218, 85, 0, 80, 240,
230, 85, 0, 24, 140,
72, 86, 120, 228, 248,
84, 86, 0, 24, 140,
96, 86, 4, 40, 144,
108, 86, 200, 184, 148,
120, 86, 4, 28, 116,
134, 86, 184, 176, 148,
147, 86, 24, 24, 36,
159, 86, 100, 88, 92,
220, 86, 56, 172, 248,
59, 87, 196, 204, 228,
71, 87, 24, 100, 216,
83, 87, 4, 32, 152,
95, 87, 20, 28, 108,
107, 87, 200, 184, 148,
119, 87, 20, 24, 56,
132, 87, 184, 176, 148,
144, 87, 48, 56, 36,
156, 87, 32, 24, 36,
212, 87, 12, 80, 212,
224, 87, 4, 32, 152,
62, 88, 12, 80, 212,
74, 88, 0, 52, 180,
86, 88, 20, 56, 140,
98, 88, 188, 180, 168,
110, 88, 200, 184, 148,
122, 88, 196, 200, 196,
136, 88, 200, 184, 148,
148, 88, 8, 12, 12,
160, 88, 156, 144, 160,
214, 88, 0, 80, 240,
226, 88, 0, 32, 148,
62, 89, 96, 196, 232,
74, 89, 0, 52, 180,
86, 89, 4, 32, 152,
98, 89, 200, 184, 148,
110, 89, 52, 160, 116,
122, 89, 100, 88, 92,
135, 89, 184, 176, 148,
147, 89, 8, 12, 12,
159, 89, 20, 24, 36,
213, 89, 0, 72, 248,
225, 89, 0, 28, 148,
58, 90, 104, 180, 248,
70, 90, 0, 52, 180,
82, 90, 0, 36, 164,
94, 90, 100, 88, 92,
106, 90, 164, 168, 144,
118, 90, 64, 60, 80,
130, 90, 184, 176, 148,
142, 90, 184, 176, 148,
154, 90, 48, 40, 76,
208, 90, 28, 100, 184,
220, 90, 0, 32, 152,
52, 91, 0, 8, 188,
64, 91, 0, 52, 180,
76, 91, 0, 52, 188,
88, 91, 60, 52, 104,
100, 91, 188, 180, 168,
112, 91, 8, 244, 232,
124, 91, 112, 96, 76,
136, 91, 184, 176, 148,
148, 91, 8, 0, 12,
160, 91, 4, 12, 28,
214, 91, 72, 188, 248,
226, 91, 0, 20, 148,
55, 92, 176, 240, 224,
67, 92, 0, 52, 180,
79, 92, 0, 44, 188,
91, 92, 20, 12, 28,
103, 92, 108, 120, 104,
115, 92, 8, 244, 232,
127, 92, 72, 84, 48,
139, 92, 164, 168, 144,
151, 92, 20, 24, 36,
205, 92, 104, 132, 232,
217, 92, 0, 32, 148,
45, 93, 28, 60, 204,
57, 93, 0, 76, 204,
69, 93, 0, 48, 180,
81, 93, 20, 28, 108,
93, 93, 100, 96, 84,
105, 93, 4, 192, 140,
117, 93, 4, 168, 128,
129, 93, 32, 36, 24,
141, 93, 124, 112, 104,
154, 93, 20, 12, 28,
208, 93, 0, 52, 248,
220, 93, 0, 32, 148,
45, 94, 0, 32, 236,
57, 94, 0, 52, 180,
69, 94, 0, 52, 168,
81, 94, 112, 108, 92,
93, 94, 4, 8, 80,
105, 94, 8, 244, 232,
117, 94, 4, 168, 128,
129, 94, 24, 24, 36,
141, 94, 0, 0, 4,
153, 94, 20, 12, 28,
206, 94, 0, 52, 248,
218, 94, 0, 28, 148,
41, 95, 0, 8, 188,
53, 95, 0, 36, 188,
65, 95, 0, 52, 180,
77, 95, 120, 104, 128,
89, 95, 120, 108, 92,
101, 95, 28, 232, 196,
113, 95, 4, 192, 140,
125, 95, 8, 0, 12,
137, 95, 128, 128, 104,
149, 95, 20, 12, 28,
202, 95, 0, 8, 188,
214, 95, 0, 28, 148,
36, 96, 112, 132, 180,
48, 96, 36, 112, 240,
60, 96, 0, 52, 180,
72, 96, 40, 96, 116,
84, 96, 132, 116, 108,
96, 96, 4, 140, 120,
108, 96, 28, 232, 196,
120, 96, 8, 12, 12,
132, 96, 140, 136, 116,
144, 96, 0, 0, 0,
156, 96, 220, 208, 184,
207, 96, 72, 172, 248,
219, 96, 0, 20, 156,
39, 97, 28, 60, 204,
51, 97, 0, 36, 172,
63, 97, 0, 52, 168,
75, 97, 108, 120, 104,
87, 97, 112, 108, 96,
99, 97, 40, 228, 232,
111, 97, 4, 192, 140,
123, 97, 80, 64, 80,
135, 97, 32, 36, 24,
147, 97, 0, 0, 16,
159, 97, 156, 144, 160,
209, 97, 0, 36, 172,
221, 97, 0, 32, 140,
38, 98, 152, 244, 248,
50, 98, 0, 44, 172,
62, 98, 0, 52, 180,
74, 98, 112, 108, 96,
86, 98, 112, 112, 92,
98, 98, 40, 228, 232,
110, 98, 4, 192, 140,
122, 98, 24, 24, 36,
134, 98, 100, 108, 104,
146, 98, 248, 240, 200,
197, 98, 152, 208, 248,
209, 98, 0, 24, 140,
222, 98, 4, 32, 144,
37, 99, 96, 196, 232,
49, 99, 0, 36, 180,
61, 99, 4, 20, 128,
73, 99, 128, 128, 104,
85, 99, 120, 100, 92,
97, 99, 8, 244, 232,
109, 99, 4, 192, 140,
121, 99, 48, 60, 76,
133, 99, 100, 88, 104,
145, 99, 220, 208, 184,
195, 99, 200, 224, 248,
207, 99, 0, 24, 140,
221, 99, 0, 32, 148,
34, 100, 152, 244, 248,
46, 100, 0, 36, 172,
58, 100, 0, 32, 140,
70, 100, 148, 124, 116,
82, 100, 120, 108, 92,
94, 100, 8, 244, 232,
106, 100, 4, 192, 140,
118, 100, 12, 36, 24,
130, 100, 100, 88, 104,
142, 100, 220, 208, 184,
156, 100, 188, 180, 168,
205, 100, 0, 48, 180,
217, 100, 48, 144, 240,
30, 101, 104, 180, 248,
42, 101, 0, 44, 180,
54, 101, 8, 32, 160,
66, 101, 100, 96, 84,
78, 101, 112, 108, 96,
90, 101, 40, 228, 232,
102, 101, 4, 192, 140,
114, 101, 16, 60, 32,
126, 101, 24, 24, 36,
138, 101, 236, 220, 188,
150, 101, 236, 220, 184,
199, 101, 0, 48, 212,
211, 101, 12, 80, 212,
20, 102, 160, 204, 212,
32, 102, 48, 144, 240,
44, 102, 0, 36, 180,
56, 102, 108, 120, 104,
68, 102, 112, 96, 76,
80, 102, 48, 56, 36,
92, 102, 8, 244, 232,
104, 102, 4, 140, 120,
116, 102, 0, 12, 12,
128, 102, 20, 24, 36,
140, 102, 236, 212, 184,
152, 102, 208, 188, 168,
199, 102, 64, 148, 232,
211, 102, 152, 244, 248,
17, 103, 160, 204, 212,
29, 103, 96, 196, 232,
41, 103, 0, 44, 172,
53, 103, 124, 120, 104,
65, 103, 100, 96, 84,
77, 103, 100, 108, 104,
89, 103, 8, 244, 232,
101, 103, 4, 140, 120,
113, 103, 16, 24, 12,
125, 103, 20, 12, 28,
137, 103, 240, 220, 184,
149, 103, 184, 176, 148,
192, 103, 0, 64, 240,
204, 103, 0, 24, 140,
216, 103, 0, 44, 188,
18, 104, 0, 48, 212,
30, 104, 0, 52, 188,
42, 104, 0, 44, 188,
54, 104, 112, 108, 96,
66, 104, 112, 108, 96,
79, 104, 52, 160, 116,
91, 104, 4, 192, 140,
103, 104, 8, 128, 84,
115, 104, 100, 112, 92,
127, 104, 20, 12, 28,
139, 104, 236, 220, 188,
151, 104, 184, 176, 148,
191, 104, 0, 32, 140,
203, 104, 0, 20, 148,
215, 104, 0, 36, 188,
15, 105, 0, 64, 228,
27, 105, 0, 60, 204,
39, 105, 0, 52, 180,
51, 105, 112, 108, 92,
63, 105, 100, 100, 92,
78, 105, 28, 232, 196,
90, 105, 4, 192, 140,
102, 105, 4, 96, 64,
114, 105, 188, 180, 168,
126, 105, 8, 12, 12,
138, 105, 236, 220, 188,
150, 105, 220, 208, 184,
162, 105, 240, 240, 204,
200, 105, 4, 8, 140,
212, 105, 0, 28, 200,
10, 106, 104, 132, 232,
22, 106, 24, 100, 216,
34, 106, 0, 52, 180,
46, 106, 112, 108, 96,
58, 106, 32, 36, 24,
76, 106, 52, 160, 116,
88, 106, 4, 168, 128,
100, 106, 4, 96, 64,
112, 106, 200, 184, 148,
124, 106, 0, 0, 4,
136, 106, 100, 84, 84,
148, 106, 236, 220, 184,
160, 106, 240, 240, 204,
195, 106, 48, 144, 240,
207, 106, 152, 244, 248,
219, 106, 156, 144, 160,
13, 107, 64, 112, 232,
25, 107, 0, 60, 176,
37, 107, 20, 56, 140,
49, 107, 112, 108, 92,
61, 107, 164, 168, 144,
80, 107, 28, 232, 196,
92, 107, 8, 128, 84,
104, 107, 16, 60, 32,
116, 107, 72, 84, 48,
128, 107, 24, 24, 36,
140, 107, 236, 220, 184,
152, 107, 236, 220, 184,
164, 107, 240, 236, 188,
196, 107, 0, 60, 176,
208, 107, 96, 196, 232,
220, 107, 0, 36, 172,
13, 108, 96, 192, 192,
25, 108, 0, 52, 180,
37, 108, 100, 108, 104,
49, 108, 100, 96, 84,
74, 108, 28, 192, 184,
86, 108, 8, 128, 84,
98, 108, 12, 36, 24,
110, 108, 80, 64, 80,
122, 108, 32, 36, 24,
134, 108, 0, 60, 248,
146, 108, 236, 220, 184,
158, 108, 208, 188, 168,
188, 108, 4, 4, 28,
200, 108, 0, 20, 156,
212, 108, 0, 24, 188,
224, 108, 72, 100, 180,
16, 109, 0, 80, 228,
28, 109, 0, 48, 200,
40, 109, 112, 108, 96,
52, 109, 80, 64, 80,
78, 109, 4, 192, 140,
90, 109, 4, 96, 64,
102, 109, 100, 88, 104,
114, 109, 24, 24, 36,
126, 109, 112, 108, 96,
138, 109, 72, 84, 48,
150, 109, 236, 220, 184,
162, 109, 236, 220, 188,
190, 109, 20, 24, 36,
202, 109, 0, 28, 200,
214, 109, 144, 156, 212,
226, 109, 112, 132, 180,
16, 110, 0, 52, 180,
28, 110, 20, 28, 108,
40, 110, 124, 112, 104,
74, 110, 4, 168, 128,
86, 110, 8, 128, 84,
98, 110, 48, 60, 76,
110, 110, 48, 60, 76,
122, 110, 100, 88, 92,
134, 110, 0, 48, 212,
146, 110, 236, 220, 188,
158, 110, 220, 208, 184,
170, 110, 236, 216, 196,
195, 110, 0, 36, 156,
207, 110, 0, 28, 200,
219, 110, 52, 56, 132,
7, 111, 4, 8, 140,
19, 111, 0, 60, 176,
31, 111, 112, 108, 96,
72, 111, 28, 232, 196,
84, 111, 8, 128, 84,
96, 111, 80, 64, 80,
108, 111, 100, 88, 92,
120, 111, 0, 0, 0,
132, 111, 4, 24, 148,
144, 111, 236, 220, 184,
156, 111, 236, 220, 188,
168, 111, 240, 236, 188,
190, 111, 4, 4, 28,
202, 111, 152, 244, 248,
214, 111, 144, 156, 212,
226, 111, 12, 80, 212,
13, 112, 4, 40, 144,
25, 112, 108, 120, 104,
37, 112, 236, 216, 196,
81, 112, 8, 128, 84,
93, 112, 48, 60, 76,
105, 112, 20, 12, 28,
117, 112, 16, 24, 12,
129, 112, 128, 116, 108,
141, 112, 220, 208, 184,
153, 112, 236, 220, 184,
165, 112, 248, 240, 200,
183, 112, 0, 0, 0,
195, 112, 0, 36, 152,
207, 112, 0, 36, 180,
219, 112, 200, 224, 248,
5, 113, 4, 24, 140,
17, 113, 0, 32, 140,
29, 113, 48, 56, 36,
76, 113, 8, 128, 84,
88, 113, 16, 60, 32,
100, 113, 100, 84, 84,
116, 113, 0, 0, 0,
129, 113, 124, 124, 92,
141, 113, 164, 168, 144,
153, 113, 236, 220, 184,
165, 113, 184, 176, 148,
181, 113, 24, 100, 216,
193, 113, 0, 44, 160,
205, 113, 0, 28, 200,
217, 113, 196, 204, 228,
3, 114, 0, 20, 148,
15, 114, 16, 24, 80,
27, 114, 68, 96, 76,
79, 114, 16, 60, 32,
91, 114, 20, 24, 56,
103, 114, 0, 0, 0,
123, 114, 124, 112, 104,
135, 114, 28, 60, 204,
147, 114, 236, 220, 184,
159, 114, 236, 220, 184,
171, 114, 240, 236, 188,
184, 114, 20, 28, 108,
196, 114, 4, 40, 144,
208, 114, 0, 36, 188,
220, 114, 196, 204, 228,
6, 115, 0, 64, 228,
18, 115, 124, 120, 104,
72, 115, 4, 140, 120,
84, 115, 24, 24, 36,
96, 115, 64, 60, 80,
122, 115, 128, 116, 108,
134, 115, 28, 60, 204,
146, 115, 236, 220, 188,
158, 115, 236, 220, 184,
171, 115, 236, 224, 184,
183, 115, 72, 172, 248,
195, 115, 0, 24, 140,
207, 115, 0, 24, 188,
219, 115, 0, 52, 168,
7, 116, 0, 24, 140,
19, 116, 100, 96, 84,
76, 116, 156, 180, 168,
88, 116, 32, 36, 24,
100, 116, 48, 56, 36,
128, 116, 148, 124, 116,
140, 116, 4, 52, 116,
152, 116, 236, 220, 184,
164, 116, 236, 212, 184,
177, 116, 0, 64, 228,
189, 116, 0, 24, 140,
201, 116, 0, 76, 204,
213, 116, 0, 36, 180,
225, 116, 64, 60, 80,
15, 117, 48, 56, 36,
80, 117, 48, 60, 76,
92, 117, 0, 0, 4,
124, 117, 128, 116, 100,
136, 117, 8, 32, 180,
148, 117, 236, 220, 184,
160, 117, 236, 220, 188,
172, 117, 0, 80, 228,
184, 117, 0, 60, 204,
196, 117, 48, 144, 240,
208, 117, 0, 24, 176,
220, 117, 200, 224, 248,
13, 118, 136, 124, 116,
83, 118, 24, 24, 36,
95, 118, 120, 104, 128,
129, 118, 128, 116, 108,
141, 118, 4, 40, 144,
153, 118, 236, 220, 188,
165, 118, 236, 216, 196,
177, 118, 64, 148, 232,
189, 118, 0, 64, 228,
201, 118, 0, 52, 180,
213, 118, 20, 36, 204,
225, 118, 128, 116, 108,
81, 119, 48, 40, 76,
120, 119, 144, 140, 116,
132, 119, 72, 84, 48,
145, 119, 208, 188, 168,
157, 119, 160, 168, 116,
169, 119, 0, 72, 240,
181, 119, 0, 52, 188,
193, 119, 36, 112, 240,
205, 119, 0, 36, 188,
217, 119, 176, 168, 212,
72, 120, 100, 84, 84,
84, 120, 0, 0, 0,
124, 120, 124, 120, 104,
138, 120, 16, 24, 80,
150, 120, 152, 148, 128,
162, 120, 184, 176, 148,
174, 120, 56, 172, 248,
186, 120, 0, 32, 148,
198, 120, 84, 216, 248,
210, 120, 196, 204, 228,
222, 120, 20, 12, 28,
75, 121, 24, 24, 36,
117, 121, 164, 168, 144,
129, 121, 132, 116, 108,
143, 121, 20, 56, 108,
155, 121, 32, 36, 24,
167, 121, 0, 72, 240,
179, 121, 0, 40, 164,
191, 121, 0, 52, 180,
203, 121, 0, 36, 164,
215, 121, 64, 60, 80,
227, 121, 8, 108, 240,
79, 122, 48, 56, 36,
126, 122, 128, 128, 104,
142, 122, 12, 80, 212,
154, 122, 60, 72, 172,
166, 122, 0, 80, 240,
178, 122, 0, 40, 156,
190, 122, 0, 36, 172,
202, 122, 28, 60, 204,
214, 122, 48, 40, 76,
226, 122, 72, 188, 248,
76, 123, 100, 88, 92,
125, 123, 128, 116, 108,
142, 123, 4, 20, 104,
154, 123, 0, 80, 228,
166, 123, 0, 80, 248,
178, 123, 0, 36, 156,
190, 123, 72, 136, 184,
202, 123, 112, 132, 180,
214, 123, 80, 92, 116,
226, 123, 120, 228, 248,
73, 124, 128, 116, 108,
123, 124, 136, 124, 116,
142, 124, 20, 24, 56,
154, 124, 44, 80, 224,
166, 124, 8, 108, 240,
178, 124, 0, 44, 160,
190, 124, 152, 244, 248,
202, 124, 112, 120, 132,
214, 124, 100, 88, 104,
226, 124, 120, 228, 248,
114, 125, 160, 168, 116,
126, 125, 128, 116, 108,
147, 125, 48, 40, 76,
159, 125, 0, 72, 248,
171, 125, 0, 48, 180,
183, 125, 0, 36, 156,
195, 125, 0, 52, 188,
208, 125, 4, 8, 80,
222, 125, 20, 52, 56,
114, 126, 140, 136, 116,
126, 126, 100, 88, 92,
149, 126, 48, 40, 76,
161, 126, 0, 80, 248,
173, 126, 0, 40, 164,
185, 126, 4, 4, 28,
197, 126, 188, 180, 168,
209, 126, 20, 24, 56,
224, 126, 24, 100, 216,
113, 127, 152, 148, 128,
125, 127, 100, 96, 84,
150, 127, 4, 40, 144,
162, 127, 36, 172, 236,
174, 127, 64, 112, 232,
186, 127, 20, 56, 140,
198, 127, 144, 156, 212,
210, 127, 48, 40, 76,
225, 127, 64, 148, 232,
112, 128, 160, 168, 116,
124, 128, 112, 108, 92,
150, 128, 8, 8, 68,
162, 128, 56, 172, 248,
174, 128, 0, 28, 148,
186, 128, 4, 52, 144,
198, 128, 144, 156, 212,
210, 128, 100, 88, 92,
226, 128, 56, 172, 248,
110, 129, 220, 212, 196,
122, 129, 124, 124, 92,
150, 129, 0, 60, 204,
162, 129, 28, 144, 240,
174, 129, 4, 8, 140,
186, 129, 8, 52, 172,
198, 129, 80, 92, 116,
210, 129, 80, 64, 80,
226, 129, 56, 172, 248,
238, 129, 176, 240, 224,
120, 130, 124, 120, 104,
154, 130, 0, 72, 248,
166, 130, 8, 72, 176,
178, 130, 16, 24, 80,
190, 130, 0, 52, 168,
203, 130, 0, 8, 92,
215, 130, 112, 120, 132,
234, 130, 48, 144, 240,
114, 131, 128, 116, 108,
146, 131, 104, 132, 232,
158, 131, 56, 172, 248,
170, 131, 4, 8, 124,
182, 131, 80, 92, 116,
195, 131, 16, 24, 80,
207, 131, 4, 8, 80,
229, 131, 28, 100, 184,
109, 132, 152, 148, 128,
121, 132, 60, 52, 104,
153, 132, 72, 188, 248,
165, 132, 0, 36, 156,
177, 132, 60, 72, 172,
189, 132, 12, 80, 212,
201, 132, 4, 8, 80,
226, 132, 224, 208, 224,
238, 132, 104, 180, 248,
114, 133, 132, 116, 108,
145, 133, 0, 72, 248,
157, 133, 0, 60, 204,
169, 133, 4, 28, 116,
181, 133, 124, 120, 104,
193, 133, 16, 24, 80,
205, 133, 0, 8, 92,
235, 133, 56, 172, 248,
110, 134, 144, 140, 116,
140, 134, 200, 224, 248,
152, 134, 28, 144, 240,
164, 134, 4, 32, 152,
176, 134, 16, 24, 80,
188, 134, 8, 0, 12,
200, 134, 4, 8, 80,
233, 134, 12, 80, 212,
107, 135, 220, 212, 196,
119, 135, 4, 20, 104,
148, 135, 56, 172, 232,
160, 135, 0, 32, 156,
172, 135, 4, 8, 140,
184, 135, 0, 4, 0,
196, 135, 48, 40, 76,
234, 135, 0, 52, 168,
248, 135, 176, 168, 212,
118, 136, 16, 24, 80,
147, 136, 56, 172, 232,
159, 136, 0, 36, 156,
171, 136, 0, 8, 104,
183, 136, 4, 12, 28,
195, 136, 196, 200, 196,
242, 136, 64, 148, 232,
114, 137, 112, 112, 92,
141, 137, 0, 72, 240,
153, 137, 0, 36, 152,
165, 137, 60, 72, 172,
177, 137, 48, 56, 36,
189, 137, 0, 8, 48,
245, 137, 72, 136, 184,
115, 138, 64, 60, 80,
141, 138, 0, 80, 248,
153, 138, 0, 40, 156,
165, 138, 4, 24, 148,
177, 138, 8, 4, 0,
189, 138, 128, 116, 108,
247, 138, 48, 144, 240,
115, 139, 20, 28, 108,
140, 139, 36, 112, 240,
152, 139, 0, 32, 160,
164, 139, 0, 20, 148,
176, 139, 0, 0, 0,
240, 139, 120, 104, 128,
108, 140, 148, 124, 116,
132, 140, 0, 64, 240,
144, 140, 36, 112, 240,
156, 140, 0, 32, 140,
168, 140, 112, 108, 96,
180, 140, 16, 24, 12,
247, 140, 56, 172, 248,
114, 141, 4, 28, 116,
137, 141, 0, 60, 204,
149, 141, 0, 28, 164,
161, 141, 0, 32, 140,
173, 141, 48, 32, 32,
245, 141, 24, 100, 216,
111, 142, 48, 60, 76,
131, 142, 0, 52, 248,
143, 142, 0, 36, 180,
155, 142, 28, 60, 172,
167, 142, 100, 96, 84,
243, 142, 228, 240, 212,
108, 143, 136, 124, 116,
128, 143, 0, 52, 248,
140, 143, 0, 60, 204,
152, 143, 4, 20, 128,
164, 143, 100, 96, 84,
246, 143, 52, 56, 132,
110, 144, 4, 28, 116,
129, 144, 0, 52, 248,
141, 144, 0, 40, 164,
153, 144, 60, 72, 172,
165, 144, 144, 140, 116,
103, 145, 64, 60, 80,
122, 145, 28, 60, 204,
134, 145, 64, 148, 232,
146, 145, 0, 40, 156,
158, 145, 100, 108, 104,
170, 145, 124, 112, 104,
110, 146, 4, 32, 144,
129, 146, 72, 172, 248,
141, 146, 0, 36, 160,
153, 146, 12, 24, 36,
165, 146, 112, 108, 92,
107, 147, 20, 56, 140,
125, 147, 0, 32, 236,
137, 147, 0, 36, 156,
149, 147, 0, 36, 152,
161, 147, 100, 96, 84,
104, 148, 112, 96, 76,
121, 148, 0, 52, 248,
133, 148, 8, 32, 180,
145, 148, 4, 40, 144,
157, 148, 128, 128, 104,
101, 149, 20, 56, 140,
118, 149, 0, 52, 232,
130, 149, 0, 52, 232,
142, 149, 28, 60, 172,
154, 149, 100, 108, 84,
100, 150, 72, 100, 180,
117, 150, 0, 52, 248,
129, 150, 0, 48, 180,
141, 150, 104, 132, 232,
153, 150, 148, 128, 128,
100, 151, 0, 8, 48,
116, 151, 0, 52, 248,
128, 151, 0, 36, 172,
140, 151, 28, 60, 172,
152, 151, 148, 124, 116,
101, 152, 8, 8, 68,
116, 152, 0, 48, 248,
128, 152, 0, 20, 156,
140, 152, 0, 32, 140,
152, 152, 100, 96, 84,
109, 153, 0, 80, 228,
121, 153, 48, 144, 240,
133, 153, 4, 8, 140,
145, 153, 112, 108, 96,
157, 153, 184, 176, 148,
116, 154, 152, 244, 248,
128, 154, 0, 20, 156,
140, 154, 112, 112, 92,
152, 154, 112, 108, 92,
111, 155, 0, 72, 240,
123, 155, 0, 20, 148,
135, 155, 20, 32, 140,
147, 155, 112, 108, 92,
105, 156, 0, 80, 248,
117, 156, 36, 112, 240,
129, 156, 4, 40, 144,
141, 156, 152, 148, 128,
100, 157, 104, 132, 232,
112, 157, 24, 136, 200,
124, 157, 0, 20, 164,
136, 157, 112, 108, 92,
148, 157, 80, 64, 80,
107, 158, 0, 80, 228,
119, 158, 4, 24, 148,
131, 158, 100, 96, 132,
143, 158, 112, 108, 92,
103, 159, 0, 72, 248,
115, 159, 0, 36, 164,
127, 159, 0, 8, 104,
139, 159, 112, 108, 92,
98, 160, 0, 72, 248,
110, 160, 28, 144, 240,
122, 160, 104, 132, 232,
134, 160, 120, 108, 92,
94, 161, 44, 80, 224,
106, 161, 72, 188, 248,
118, 161, 28, 60, 172,
130, 161, 112, 108, 92,
93, 162, 0, 72, 240,
105, 162, 72, 188, 248,
117, 162, 4, 28, 116,
129, 162, 112, 108, 96,
92, 163, 0, 72, 252,
104, 163, 72, 188, 248,
116, 163, 72, 100, 180,
128, 163, 116, 112, 84,
91, 164, 0, 72, 248,
103, 164, 48, 144, 240,
115, 164, 60, 72, 172,
127, 164, 100, 88, 92,
90, 165, 0, 72, 248,
102, 165, 8, 108, 240,
114, 165, 60, 72, 172,
126, 165, 100, 96, 84,
90, 166, 0, 72, 248,
102, 166, 0, 52, 188,
114, 166, 4, 28, 116,
126, 166, 124, 112, 104,
92, 167, 36, 112, 240,
104, 167, 0, 32, 160,
116, 167, 116, 112, 84,
82, 168, 0, 28, 212,
94, 168, 28, 144, 240,
106, 168, 0, 40, 156,
118, 168, 100, 96, 84,
85, 169, 0, 60, 248,
97, 169, 0, 48, 212,
109, 169, 0, 8, 104,
79, 170, 48, 144, 240,
91, 170, 56, 172, 248,
103, 170, 0, 40, 156,
115, 170, 120, 108, 92,
87, 171, 96, 196, 232,
99, 171, 0, 40, 156,
111, 171, 112, 108, 92,
84, 172, 64, 148, 232,
96, 172, 0, 32, 156,
108, 172, 120, 108, 92,
82, 173, 20, 56, 140,
94, 173, 0, 36, 160,
106, 173, 112, 108, 92,
81, 174, 4, 20, 128,
93, 174, 4, 32, 152,
105, 174, 112, 108, 96,
81, 175, 16, 48, 236,
93, 175, 0, 40, 156,
105, 175, 140, 136, 116,
82, 176, 0, 48, 200,
94, 176, 0, 32, 148,
73, 177, 4, 32, 152,
85, 177, 28, 60, 172,
97, 177, 112, 112, 92,
78, 178, 0, 24, 188,
90, 178, 4, 32, 144,
72, 179, 0, 28, 148,
84, 179, 4, 24, 148,
96, 179, 112, 108, 92,
79, 180, 0, 48, 200,
91, 180, 124, 120, 104,
76, 181, 8, 32, 180,
88, 181, 100, 96, 132,
77, 182, 0, 20, 164,
89, 182, 100, 100, 92,
81, 183, 4, 20, 104,
76, 184, 0, 48, 212,
88, 184, 224, 208, 224,
85, 185, 200, 184, 148,
6, 239, 0, 0, 0,
18, 239, 0, 0, 0,
30, 239, 0, 0, 0,
42, 239, 0, 0, 0,
54, 239, 0, 0, 0,
66, 239, 0, 0, 0,
78, 239, 0, 0, 0,
90, 239, 0, 0, 0,
102, 239, 0, 0, 0,
114, 239, 0, 0, 0,
126, 239, 0, 0, 0,
138, 239, 0, 0, 0,
150, 239, 0, 0, 0,
162, 239, 0, 0, 0,
174, 239, 0, 0, 0,
186, 239, 0, 0, 0,
198, 239, 0, 0, 0,
210, 239, 0, 0, 0,
222, 239, 0, 0, 0,
234, 239, 0, 0, 0,
246, 239, 0, 0, 0,
