174, 46, 100, 4, 0,
179, 46, 112, 12, 0,
175, 47, 252, 64, 0,
184, 47, 172, 16, 0,
175, 48, 168, 24, 0,
183, 48, 144, 12, 0,
172, 49, 248, 56, 12,
181, 49, 124, 12, 0,
170, 50, 252, 96, 56,
175, 50, 96, 4, 0,
166, 51, 236, 60, 12,
171, 51, 232, 124, 88,
176, 51, 188, 28, 4,
184, 51, 112, 12, 0,
166, 52, 248, 128, 92,
171, 52, 156, 24, 0,
178, 52, 188, 52, 16,
183, 52, 112, 12, 0,
165, 53, 248, 108, 64,
171, 53, 168, 24, 0,
176, 53, 124, 16, 0,
187, 53, 76, 4, 0,
162, 54, 248, 112, 80,
167, 54, 220, 28, 0,
173, 54, 144, 12, 0,
178, 54, 252, 40, 0,
183, 54, 208, 20, 0,
159, 55, 252, 48, 0,
164, 55, 248, 56, 0,
169, 55, 252, 72, 0,
176, 55, 216, 36, 0,
182, 55, 248, 32, 0,
158, 56, 244, 48, 0,
163, 56, 248, 100, 60,
168, 56, 232, 40, 0,
176, 56, 184, 20, 0,
186, 56, 112, 4, 0,
159, 57, 248, 112, 84,
164, 57, 156, 32, 0,
170, 57, 232, 60, 4,
175, 57, 224, 44, 0,
182, 57, 184, 20, 0,
157, 58, 248, 108, 72,
162, 58, 248, 92, 48,
168, 58, 252, 60, 0,
173, 58, 136, 4, 0,
178, 58, 176, 16, 0,
152, 59, 248, 100, 48,
157, 59, 248, 108, 72,
162, 59, 252, 64, 0,
168, 59, 252, 56, 0,
173, 59, 100, 4, 0,
179, 59, 184, 20, 0,
151, 60, 248, 148, 120,
156, 60, 248, 104, 64,
161, 60, 228, 40, 0,
166, 60, 164, 16, 0,
171, 60, 196, 28, 0,
177, 60, 80, 16, 0,
148, 61, 164, 12, 0,
153, 61, 248, 112, 76,
158, 61, 248, 40, 0,
163, 61, 200, 32, 8,
169, 61, 104, 24, 0,
174, 61, 88, 4, 0,
179, 61, 244, 32, 0,
149, 62, 248, 240, 224,
154, 62, 248, 56, 4,
159, 62, 232, 124, 88,
164, 62, 192, 20, 0,
170, 62, 212, 28, 0,
177, 62, 200, 28, 0,
148, 63, 244, 252, 252,
153, 63, 244, 52, 0,
158, 63, 248, 132, 104,
163, 63, 188, 28, 4,
168, 63, 200, 36, 0,
176, 63, 184, 20, 0,
147, 64, 248, 236, 240,
152, 64, 248, 56, 12,
157, 64, 248, 104, 64,
162, 64, 188, 28, 4,
167, 64, 172, 16, 0,
172, 64, 172, 16, 0,
177, 64, 216, 44, 0,
142, 65, 148, 28, 0,
147, 65, 248, 100, 60,
152, 65, 248, 120, 88,
157, 65, 252, 56, 4,
162, 65, 124, 28, 16,
167, 65, 252, 68, 0,
172, 65, 204, 28, 0,
177, 65, 172, 16, 0,
142, 66, 252, 68, 4,
147, 66, 244, 52, 0,
152, 66, 248, 128, 100,
157, 66, 216, 36, 0,
162, 66, 248, 96, 48,
167, 66, 208, 36, 0,
172, 66, 244, 44, 0,
177, 66, 164, 16, 0,
142, 67, 240, 164, 152,
147, 67, 244, 48, 0,
152, 67, 248, 76, 32,
157, 67, 188, 28, 4,
162, 67, 188, 16, 0,
167, 67, 172, 12, 0,
173, 67, 184, 20, 0,
178, 67, 64, 0, 0,
142, 68, 248, 132, 104,
147, 68, 248, 120, 88,
152, 68, 248, 80, 44,
157, 68, 244, 52, 0,
162, 68, 228, 100, 72,
168, 68, 168, 24, 0,
173, 68, 100, 4, 0,
179, 68, 112, 12, 0,
138, 69, 252, 80, 32,
143, 69, 244, 52, 0,
148, 69, 248, 80, 44,
153, 69, 248, 120, 92,
158, 69, 176, 20, 0,
164, 69, 188, 20, 0,
170, 69, 208, 28, 0,
178, 69, 172, 16, 0,
137, 70, 252, 68, 12,
142, 70, 248, 56, 12,
147, 70, 248, 72, 20,
152, 70, 244, 40, 0,
157, 70, 192, 40, 0,
162, 70, 196, 28, 0,
167, 70, 196, 28, 0,
176, 70, 144, 12, 0,
130, 71, 112, 20, 0,
139, 71, 248, 84, 48,
144, 71, 248, 132, 104,
149, 71, 248, 96, 48,
154, 71, 156, 16, 0,
159, 71, 216, 36, 0,
164, 71, 192, 92, 64,
169, 71, 228, 48, 0,
174, 71, 172, 16, 0,
127, 72, 252, 68, 0,
136, 72, 248, 208, 208,
141, 72, 248, 132, 104,
146, 72, 248, 100, 60,
151, 72, 248, 68, 12,
156, 72, 252, 112, 76,
161, 72, 148, 28, 0,
166, 72, 216, 36, 0,
171, 72, 184, 20, 0,
176, 72, 220, 28, 0,
124, 73, 124, 24, 0,
131, 73, 68, 8, 0,
137, 73, 248, 104, 64,
142, 73, 248, 132, 104,
147, 73, 248, 88, 44,
152, 73, 248, 208, 208,
157, 73, 184, 20, 0,
162, 73, 248, 88, 28,
167, 73, 204, 28, 0,
173, 73, 136, 12, 0,
180, 73, 124, 12, 0,
128, 74, 156, 32, 0,
135, 74, 248, 168, 148,
140, 74, 244, 52, 0,
145, 74, 248, 80, 36,
150, 74, 248, 84, 40,
155, 74, 176, 8, 0,
160, 74, 188, 28, 4,
165, 74, 196, 28, 0,
171, 74, 236, 48, 0,
177, 74, 136, 12, 0,
123, 75, 252, 72, 0,
131, 75, 80, 16, 0,
136, 75, 248, 56, 4,
141, 75, 248, 112, 84,
146, 75, 248, 112, 76,
151, 75, 244, 48, 0,
156, 75, 188, 52, 16,
161, 75, 248, 72, 28,
166, 75, 124, 12, 0,
172, 75, 212, 28, 0,
119, 76, 96, 4, 0,
125, 76, 112, 20, 0,
133, 76, 244, 252, 252,
138, 76, 248, 32, 0,
143, 76, 248, 88, 44,
148, 76, 248, 76, 28,
153, 76, 248, 120, 88,
158, 76, 176, 16, 0,
164, 76, 188, 16, 0,
170, 76, 156, 16, 0,
119, 77, 200, 20, 0,
125, 77, 252, 64, 0,
131, 77, 248, 84, 24,
136, 77, 248, 56, 12,
141, 77, 248, 104, 64,
146, 77, 236, 40, 4,
151, 77, 248, 116, 76,
156, 77, 156, 16, 0,
161, 77, 252, 56, 4,
166, 77, 196, 28, 0,
172, 77, 56, 8, 0,
117, 78, 124, 16, 0,
123, 78, 252, 72, 0,
130, 78, 76, 4, 0,
135, 78, 244, 56, 4,
140, 78, 248, 84, 48,
145, 78, 248, 64, 12,
150, 78, 248, 56, 4,
155, 78, 180, 28, 0,
160, 78, 200, 28, 0,
165, 78, 200, 36, 0,
170, 78, 252, 60, 0,
175, 78, 136, 12, 0,
120, 79, 248, 128, 92,
125, 79, 80, 16, 0,
133, 79, 248, 148, 132,
138, 79, 244, 44, 0,
143, 79, 244, 40, 0,
148, 79, 248, 92, 52,
153, 79, 252, 128, 100,
158, 79, 216, 36, 0,
163, 79, 248, 120, 72,
168, 79, 252, 72, 0,
173, 79, 136, 12, 0,
119, 80, 244, 140, 112,
126, 80, 92, 16, 0,
133, 80, 248, 148, 120,
138, 80, 248, 92, 48,
143, 80, 248, 72, 20,
148, 80, 248, 76, 32,
153, 80, 248, 72, 28,
158, 80, 220, 36, 0,
163, 80, 212, 48, 12,
169, 80, 124, 12, 0,
117, 81, 248, 112, 84,
122, 81, 240, 48, 0,
131, 81, 248, 192, 180,
136, 81, 248, 80, 44,
141, 81, 248, 112, 84,
146, 81, 244, 44, 0,
151, 81, 248, 92, 52,
156, 81, 208, 28, 0,
161, 81, 228, 40, 0,
166, 81, 172, 16, 0,
115, 82, 136, 4, 0,
120, 82, 244, 48, 0,
126, 82, 92, 16, 0,
132, 82, 244, 252, 252,
137, 82, 248, 52, 0,
142, 82, 248, 64, 12,
147, 82, 248, 120, 92,
152, 82, 248, 112, 80,
157, 82, 216, 36, 0,
163, 82, 188, 56, 40,
168, 82, 228, 40, 0,
117, 83, 248, 120, 88,
122, 83, 168, 36, 0,
131, 83, 248, 168, 148,
136, 83, 248, 76, 36,
141, 83, 248, 72, 28,
146, 83, 248, 108, 72,
151, 83, 248, 132, 104,
156, 83, 252, 68, 0,
162, 83, 232, 40, 0,
168, 83, 156, 4, 0,
117, 84, 248, 56, 4,
123, 84, 112, 20, 0,
130, 84, 88, 4, 0,
135, 84, 248, 64, 12,
140, 84, 248, 92, 52,
145, 84, 248, 56, 12,
150, 84, 248, 128, 100,
155, 84, 244, 44, 0,
160, 84, 156, 16, 0,
165, 84, 156, 16, 0,
170, 84, 228, 40, 0,
115, 85, 176, 20, 0,
120, 85, 248, 104, 68,
127, 85, 168, 36, 0,
134, 85, 248, 168, 156,
139, 85, 248, 48, 0,
144, 85, 248, 56, 12,
149, 85, 248, 100, 60,
154, 85, 156, 24, 0,
159, 85, 200, 28, 0,
164, 85, 192, 92, 64,
169, 85, 196, 28, 0,
174, 85, 88, 4, 0,
120, 86, 248, 56, 12,
126, 86, 252, 72, 0,
133, 86, 248, 236, 240,
138, 86, 248, 64, 12,
143, 86, 244, 40, 0,
148, 86, 248, 96, 56,
153, 86, 252, 128, 100,
158, 86, 208, 28, 0,
163, 86, 248, 112, 68,
168, 86, 204, 28, 0,
173, 86, 192, 20, 0,
119, 87, 248, 68, 24,
124, 87, 68, 8, 0,
132, 87, 248, 84, 24,
137, 87, 248, 88, 44,
142, 87, 248, 104, 64,
147, 87, 248, 68, 24,
152, 87, 248, 120, 92,
157, 87, 252, 68, 12,
162, 87, 248, 72, 20,
167, 87, 176, 20, 0,
173, 87, 172, 16, 0,
118, 88, 252, 60, 0,
123, 88, 204, 48, 0,
133, 88, 248, 76, 32,
138, 88, 244, 48, 0,
143, 88, 248, 84, 40,
148, 88, 248, 120, 92,
153, 88, 248, 56, 0,
158, 88, 68, 16, 0,
163, 88, 216, 36, 0,
168, 88, 88, 4, 0,
174, 88, 80, 4, 0,
120, 89, 248, 120, 92,
125, 89, 124, 24, 0,
134, 89, 248, 220, 220,
139, 89, 244, 44, 0,
144, 89, 248, 44, 0,
149, 89, 248, 84, 48,
154, 89, 248, 100, 60,
159, 89, 248, 72, 28,
164, 89, 220, 36, 0,
170, 89, 252, 56, 0,
176, 89, 176, 16, 0,
120, 90, 192, 92, 64,
125, 90, 68, 8, 0,
136, 90, 244, 252, 252,
141, 90, 248, 76, 28,
146, 90, 248, 96, 60,
151, 90, 248, 148, 120,
156, 90, 248, 68, 24,
161, 90, 248, 84, 40,
167, 90, 252, 40, 0,
174, 90, 144, 12, 0,
121, 91, 252, 52, 0,
130, 91, 112, 20, 0,
136, 91, 244, 252, 252,
141, 91, 248, 96, 60,
146, 91, 244, 32, 0,
151, 91, 248, 96, 64,
156, 91, 244, 32, 0,
161, 91, 244, 40, 0,
166, 91, 244, 44, 0,
172, 91, 112, 12, 0,
120, 92, 212, 60, 36,
125, 92, 252, 72, 0,
134, 92, 248, 116, 76,
139, 92, 248, 56, 12,
144, 92, 248, 52, 0,
149, 92, 248, 100, 60,
154, 92, 248, 88, 44,
159, 92, 252, 88, 44,
164, 92, 228, 80, 40,
169, 92, 248, 56, 0,
174, 92, 112, 12, 0,
122, 93, 252, 60, 0,
134, 93, 252, 124, 96,
139, 93, 248, 84, 36,
144, 93, 248, 80, 36,
149, 93, 244, 48, 0,
154, 93, 244, 44, 0,
159, 93, 188, 56, 40,
164, 93, 252, 56, 0,
169, 93, 220, 36, 0,
174, 93, 68, 0, 0,
122, 94, 164, 16, 0,
127, 94, 68, 16, 0,
136, 94, 248, 168, 148,
141, 94, 248, 64, 12,
146, 94, 248, 56, 12,
151, 94, 248, 100, 60,
156, 94, 248, 96, 56,
162, 94, 244, 56, 4,
167, 94, 176, 20, 0,
172, 94, 156, 16, 0,
124, 95, 200, 36, 0,
134, 95, 236, 48, 12,
139, 95, 244, 140, 112,
144, 95, 248, 72, 20,
149, 95, 248, 84, 40,
154, 95, 248, 132, 104,
159, 95, 224, 44, 0,
164, 95, 248, 56, 0,
169, 95, 220, 28, 0,
120, 96, 80, 4, 0,
125, 96, 252, 60, 0,
136, 96, 248, 168, 148,
141, 96, 248, 92, 48,
146, 96, 248, 132, 104,
151, 96, 248, 64, 12,
156, 96, 248, 56, 4,
161, 96, 248, 80, 44,
166, 96, 64, 0, 0,
173, 96, 144, 12, 0,
121, 97, 224, 36, 0,
126, 97, 124, 24, 0,
136, 97, 244, 140, 120,
141, 97, 248, 84, 48,
146, 97, 248, 92, 48,
151, 97, 244, 140, 112,
156, 97, 244, 64, 4,
161, 97, 252, 80, 32,
167, 97, 188, 28, 4,
29, 98, 244, 240, 240,
40, 98, 136, 24, 0,
126, 98, 236, 40, 4,
136, 98, 248, 208, 208,
141, 98, 248, 84, 48,
146, 98, 236, 40, 4,
151, 98, 248, 96, 56,
156, 98, 244, 32, 0,
161, 98, 232, 32, 0,
166, 98, 248, 44, 0,
29, 99, 132, 136, 172,
34, 99, 4, 8, 108,
39, 99, 248, 116, 52,
122, 99, 176, 16, 0,
127, 99, 252, 64, 0,
136, 99, 244, 252, 252,
141, 99, 248, 56, 0,
146, 99, 248, 104, 68,
151, 99, 244, 56, 4,
156, 99, 248, 76, 28,
161, 99, 136, 24, 0,
166, 99, 208, 36, 0,
174, 99, 80, 4, 0,
31, 100, 248, 236, 240,
36, 100, 216, 228, 240,
41, 100, 248, 224, 208,
123, 100, 176, 20, 0,
129, 100, 168, 36, 0,
137, 100, 248, 244, 244,
142, 100, 244, 52, 0,
147, 100, 248, 112, 76,
152, 100, 252, 140, 116,
157, 100, 248, 60, 24,
162, 100, 192, 92, 64,
167, 100, 224, 44, 0,
173, 100, 112, 12, 0,
32, 101, 4, 8, 108,
37, 101, 4, 8, 108,
42, 101, 48, 40, 144,
126, 101, 228, 48, 0,
135, 101, 244, 252, 252,
140, 101, 248, 112, 84,
145, 101, 248, 64, 12,
150, 101, 248, 76, 28,
155, 101, 248, 96, 60,
160, 101, 164, 16, 0,
166, 101, 164, 16, 0,
30, 102, 248, 252, 252,
35, 102, 248, 248, 244,
123, 102, 144, 12, 0,
132, 102, 180, 28, 0,
137, 102, 244, 252, 252,
142, 102, 248, 96, 56,
147, 102, 248, 80, 40,
152, 102, 244, 44, 0,
157, 102, 180, 28, 8,
162, 102, 92, 16, 0,
25, 103, 56, 8, 0,
32, 103, 248, 252, 252,
37, 103, 92, 40, 56,
129, 103, 104, 24, 0,
136, 103, 248, 248, 252,
141, 103, 252, 124, 96,
146, 103, 248, 100, 60,
151, 103, 248, 72, 28,
156, 103, 220, 20, 0,
162, 103, 148, 28, 0,
27, 104, 124, 24, 0,
124, 104, 124, 16, 0,
129, 104, 112, 20, 0,
135, 104, 248, 248, 252,
140, 104, 248, 104, 64,
145, 104, 248, 96, 56,
150, 104, 248, 112, 80,
155, 104, 248, 88, 28,
160, 104, 188, 52, 16,
166, 104, 80, 4, 0,
131, 105, 80, 4, 0,
136, 105, 248, 168, 148,
141, 105, 228, 80, 40,
146, 105, 248, 100, 60,
151, 105, 248, 96, 64,
156, 105, 232, 60, 4,
161, 105, 172, 16, 0,
124, 106, 68, 8, 0,
131, 106, 252, 84, 36,
136, 106, 244, 252, 252,
141, 106, 252, 124, 96,
146, 106, 248, 120, 92,
151, 106, 244, 52, 0,
156, 106, 248, 88, 44,
161, 106, 216, 36, 0,
127, 107, 68, 16, 0,
133, 107, 248, 244, 244,
138, 107, 248, 236, 240,
143, 107, 248, 104, 64,
148, 107, 248, 104, 64,
153, 107, 228, 100, 72,
158, 107, 252, 64, 0,
163, 107, 188, 28, 4,
119, 108, 148, 12, 0,
130, 108, 248, 76, 12,
135, 108, 248, 180, 160,
140, 108, 248, 104, 64,
145, 108, 248, 92, 48,
150, 108, 212, 48, 12,
155, 108, 200, 20, 0,
160, 108, 184, 20, 0,
165, 108, 88, 4, 0,
117, 109, 112, 4, 0,
127, 109, 204, 48, 0,
133, 109, 248, 244, 244,
138, 109, 248, 196, 192,
143, 109, 248, 92, 52,
148, 109, 212, 48, 12,
153, 109, 244, 44, 0,
158, 109, 216, 44, 0,
163, 109, 124, 4, 0,
110, 110, 124, 16, 0,
116, 110, 220, 36, 0,
122, 110, 252, 40, 0,
132, 110, 248, 248, 252,
137, 110, 244, 140, 112,
142, 110, 248, 120, 92,
147, 110, 192, 20, 0,
152, 110, 188, 16, 0,
157, 110, 188, 28, 4,
165, 110, 220, 20, 0,
110, 111, 208, 20, 0,
116, 111, 164, 12, 0,
121, 111, 188, 16, 0,
130, 111, 248, 168, 156,
135, 111, 244, 252, 252,
140, 111, 248, 112, 84,
145, 111, 248, 104, 68,
150, 111, 156, 4, 0,
155, 111, 220, 20, 0,
160, 111, 192, 20, 0,
109, 112, 176, 20, 0,
114, 112, 248, 60, 4,
119, 112, 148, 4, 0,
124, 112, 164, 16, 0,
131, 112, 248, 248, 252,
136, 112, 248, 128, 100,
141, 112, 228, 80, 40,
146, 112, 248, 112, 76,
151, 112, 196, 28, 0,
157, 112, 192, 92, 64,
162, 112, 216, 36, 0,
108, 113, 184, 20, 0,
113, 113, 244, 44, 0,
118, 113, 248, 56, 0,
123, 113, 196, 28, 0,
129, 113, 248, 148, 120,
134, 113, 248, 120, 96,
139, 113, 248, 168, 148,
144, 113, 248, 84, 48,
149, 113, 248, 100, 48,
154, 113, 168, 36, 0,
159, 113, 192, 20, 0,
167, 113, 124, 12, 0,
109, 114, 248, 56, 0,
114, 114, 248, 108, 72,
119, 114, 248, 68, 12,
124, 114, 188, 16, 0,
129, 114, 244, 252, 252,
134, 114, 244, 252, 252,
139, 114, 248, 104, 64,
144, 114, 248, 76, 32,
149, 114, 200, 28, 0,
154, 114, 252, 64, 0,
159, 114, 240, 48, 0,
165, 114, 164, 16, 0,
105, 115, 224, 36, 0,
110, 115, 176, 16, 0,
115, 115, 248, 84, 36,
120, 115, 248, 64, 12,
125, 115, 248, 92, 56,
130, 115, 248, 248, 252,
135, 115, 248, 120, 88,
140, 115, 248, 108, 72,
145, 115, 244, 44, 0,
150, 115, 236, 64, 36,
155, 115, 200, 20, 0,
160, 115, 124, 12, 0,
35, 116, 248, 156, 92,
107, 116, 252, 96, 64,
113, 116, 244, 52, 0,
118, 116, 248, 80, 32,
123, 116, 248, 84, 48,
128, 116, 244, 252, 252,
133, 116, 248, 192, 180,
138, 116, 248, 64, 12,
143, 116, 252, 64, 4,
148, 116, 212, 48, 12,
153, 116, 248, 44, 0,
158, 116, 224, 44, 0,
165, 116, 88, 4, 0,
105, 117, 252, 60, 0,
111, 117, 220, 28, 0,
116, 117, 248, 208, 208,
121, 117, 248, 128, 100,
126, 117, 248, 112, 84,
131, 117, 248, 244, 244,
136, 117, 248, 180, 160,
141, 117, 244, 48, 0,
146, 117, 248, 120, 92,
151, 117, 212, 48, 12,
156, 117, 236, 60, 12,
162, 117, 112, 12, 0,
108, 118, 148, 12, 0,
115, 118, 248, 72, 20,
120, 118, 248, 148, 120,
125, 118, 248, 84, 40,
130, 118, 248, 248, 244,
135, 118, 248, 168, 148,
140, 118, 248, 120, 92,
145, 118, 248, 120, 88,
150, 118, 148, 4, 0,
155, 118, 212, 28, 0,
160, 118, 172, 16, 0,
104, 119, 252, 64, 0,
111, 119, 136, 24, 0,
116, 119, 248, 88, 52,
121, 119, 248, 56, 12,
126, 119, 248, 108, 64,
131, 119, 244, 248, 244,
136, 119, 248, 120, 88,
141, 119, 248, 64, 12,
146, 119, 252, 64, 4,
151, 119, 188, 20, 0,
156, 119, 64, 0, 0,
161, 119, 200, 20, 0,
109, 120, 112, 20, 0,
115, 120, 248, 100, 60,
120, 120, 248, 76, 36,
125, 120, 244, 40, 0,
130, 120, 248, 148, 132,
135, 120, 248, 112, 68,
140, 120, 248, 96, 60,
145, 120, 248, 112, 68,
150, 120, 212, 28, 0,
155, 120, 104, 24, 0,
160, 120, 252, 52, 0,
106, 121, 144, 12, 0,
111, 121, 248, 72, 28,
116, 121, 248, 208, 208,
121, 121, 248, 32, 0,
126, 121, 248, 76, 28,
131, 121, 248, 148, 132,
136, 121, 248, 68, 12,
141, 121, 252, 68, 12,
147, 121, 248, 72, 28,
152, 121, 176, 16, 0,
157, 121, 248, 48, 0,
103, 122, 200, 36, 0,
108, 122, 192, 40, 0,
114, 122, 160, 32, 16,
119, 122, 248, 48, 0,
124, 122, 248, 168, 148,
129, 122, 248, 148, 120,
134, 122, 248, 84, 40,
139, 122, 248, 84, 40,
144, 122, 236, 40, 4,
149, 122, 168, 36, 0,
154, 122, 200, 28, 0,
101, 123, 156, 4, 0,
106, 123, 188, 56, 40,
114, 123, 244, 44, 0,
119, 123, 248, 56, 12,
124, 123, 248, 168, 156,
129, 123, 244, 180, 168,
134, 123, 248, 128, 100,
139, 123, 252, 128, 100,
144, 123, 216, 36, 0,
149, 123, 248, 72, 28,
154, 123, 252, 64, 0,
100, 124, 80, 4, 0,
105, 124, 92, 40, 56,
114, 124, 252, 92, 52,
119, 124, 248, 128, 100,
124, 124, 248, 68, 24,
129, 124, 248, 128, 100,
134, 124, 248, 120, 88,
139, 124, 248, 56, 12,
144, 124, 220, 36, 0,
149, 124, 100, 4, 0,
154, 124, 200, 36, 0,
101, 125, 216, 44, 0,
107, 125, 100, 4, 0,
114, 125, 248, 128, 100,
119, 125, 248, 128, 100,
124, 125, 248, 148, 120,
129, 125, 244, 240, 240,
134, 125, 248, 112, 84,
139, 125, 252, 112, 84,
144, 125, 252, 52, 0,
150, 125, 144, 12, 0,
157, 125, 200, 20, 0,
108, 126, 204, 48, 0,
116, 126, 248, 40, 0,
121, 126, 248, 112, 76,
126, 126, 244, 252, 252,
131, 126, 248, 244, 244,
136, 126, 248, 192, 180,
141, 126, 248, 64, 12,
146, 126, 252, 56, 4,
151, 126, 188, 28, 4,
156, 126, 212, 36, 0,
106, 127, 92, 16, 0,
116, 127, 248, 52, 0,
121, 127, 248, 120, 88,
126, 127, 244, 252, 252,
131, 127, 248, 180, 152,
136, 127, 248, 208, 208,
141, 127, 232, 124, 88,
146, 127, 220, 28, 0,
151, 127, 160, 32, 16,
156, 127, 124, 4, 0,
106, 128, 112, 20, 0,
117, 128, 248, 108, 64,
122, 128, 244, 180, 168,
127, 128, 244, 252, 252,
132, 128, 244, 140, 112,
137, 128, 244, 240, 240,
142, 128, 208, 20, 0,
147, 128, 248, 100, 48,
152, 128, 252, 88, 44,
157, 128, 80, 16, 0,
117, 129, 248, 72, 28,
122, 129, 248, 192, 180,
127, 129, 248, 180, 160,
132, 129, 248, 104, 64,
137, 129, 248, 208, 208,
142, 129, 248, 220, 220,
147, 129, 248, 40, 0,
152, 129, 248, 72, 20,
157, 129, 136, 12, 0,
119, 130, 248, 96, 60,
124, 130, 248, 220, 220,
129, 130, 248, 220, 220,
134, 130, 248, 96, 64,
139, 130, 248, 236, 240,
144, 130, 248, 192, 180,
149, 130, 248, 84, 40,
154, 130, 252, 92, 52,
159, 130, 192, 40, 0,
117, 131, 112, 12, 0,
122, 131, 248, 208, 208,
127, 131, 248, 236, 240,
132, 131, 248, 220, 220,
137, 131, 248, 180, 160,
142, 131, 248, 220, 220,
147, 131, 248, 116, 88,
152, 131, 248, 92, 48,
157, 131, 236, 48, 12,
162, 131, 136, 12, 0,
173, 131, 156, 16, 0,
178, 131, 200, 36, 0,
122, 132, 248, 132, 104,
127, 132, 248, 208, 208,
132, 132, 248, 224, 208,
137, 132, 248, 180, 152,
142, 132, 248, 248, 252,
147, 132, 248, 116, 88,
152, 132, 252, 92, 52,
157, 132, 248, 128, 92,
162, 132, 204, 28, 0,
167, 132, 176, 20, 0,
172, 132, 236, 40, 4,
119, 133, 252, 68, 0,
124, 133, 248, 180, 152,
129, 133, 248, 248, 244,
134, 133, 252, 140, 116,
139, 133, 248, 168, 148,
144, 133, 248, 96, 56,
149, 133, 248, 148, 132,
154, 133, 248, 104, 68,
159, 133, 248, 76, 28,
164, 133, 236, 48, 0,
169, 133, 200, 36, 0,
174, 133, 180, 28, 0,
179, 133, 212, 48, 12,
184, 133, 244, 140, 112,
189, 133, 80, 24, 16,
121, 134, 248, 32, 0,
126, 134, 248, 192, 172,
131, 134, 244, 248, 244,
136, 134, 248, 244, 244,
141, 134, 248, 244, 244,
146, 134, 248, 120, 92,
151, 134, 248, 180, 160,
156, 134, 252, 88, 44,
161, 134, 252, 56, 0,
166, 134, 236, 48, 0,
171, 134, 252, 64, 0,
176, 134, 252, 68, 12,
181, 134, 244, 56, 4,
186, 134, 248, 112, 80,
191, 134, 120, 96, 80,
123, 135, 248, 104, 64,
128, 135, 248, 196, 192,
133, 135, 248, 248, 252,
138, 135, 248, 208, 208,
143, 135, 248, 168, 148,
148, 135, 248, 180, 152,
153, 135, 248, 88, 44,
158, 135, 248, 96, 48,
163, 135, 252, 60, 0,
168, 135, 228, 48, 0,
173, 135, 204, 28, 0,
178, 135, 248, 88, 52,
183, 135, 248, 68, 24,
188, 135, 248, 148, 120,
193, 135, 92, 40, 56,
124, 136, 244, 52, 0,
129, 136, 248, 148, 120,
134, 136, 248, 248, 244,
139, 136, 244, 252, 252,
144, 136, 236, 16, 0,
149, 136, 244, 32, 0,
154, 136, 220, 20, 0,
159, 136, 248, 68, 24,
164, 136, 208, 28, 0,
169, 136, 252, 64, 0,
174, 136, 188, 28, 4,
179, 136, 120, 96, 80,
184, 136, 36, 16, 16,
191, 136, 56, 8, 0,
123, 137, 248, 68, 24,
128, 137, 248, 148, 120,
133, 137, 248, 120, 96,
138, 137, 248, 244, 244,
143, 137, 248, 92, 48,
148, 137, 236, 16, 0,
153, 137, 244, 64, 4,
158, 137, 180, 28, 0,
171, 137, 248, 120, 72,
176, 137, 252, 52, 0,
181, 137, 248, 64, 12,
186, 137, 212, 28, 0,
123, 138, 252, 48, 0,
128, 138, 248, 56, 4,
133, 138, 248, 64, 12,
138, 138, 248, 220, 220,
143, 138, 248, 180, 152,
148, 138, 248, 84, 48,
153, 138, 248, 64, 12,
158, 138, 224, 44, 0,
176, 138, 112, 4, 0,
181, 138, 248, 84, 48,
186, 138, 248, 128, 100,
191, 138, 252, 60, 0,
124, 139, 224, 44, 0,
129, 139, 212, 28, 0,
134, 139, 248, 208, 208,
139, 139, 248, 132, 104,
144, 139, 244, 48, 0,
149, 139, 252, 84, 36,
154, 139, 248, 92, 48,
164, 139, 184, 20, 0,
171, 139, 180, 40, 0,
185, 139, 204, 164, 172,
190, 139, 248, 120, 72,
125, 140, 148, 28, 0,
130, 140, 252, 140, 116,
135, 140, 248, 240, 224,
140, 140, 248, 108, 72,
145, 140, 244, 52, 0,
150, 140, 248, 88, 28,
155, 140, 228, 80, 40,
164, 140, 124, 16, 0,
170, 140, 68, 0, 0,
175, 140, 112, 12, 0,
187, 140, 192, 92, 64,
192, 140, 248, 208, 208,
128, 141, 224, 44, 0,
133, 141, 244, 252, 252,
138, 141, 244, 240, 240,
143, 141, 136, 4, 0,
148, 141, 252, 64, 0,
153, 141, 248, 100, 48,
167, 141, 236, 16, 0,
174, 141, 252, 88, 44,
179, 141, 112, 20, 0,
191, 141, 120, 96, 80,
127, 142, 124, 24, 0,
132, 142, 248, 180, 160,
137, 142, 248, 116, 76,
142, 142, 248, 76, 32,
147, 142, 68, 8, 0,
170, 142, 212, 28, 0,
177, 142, 172, 12, 0,
182, 142, 124, 4, 0,
187, 142, 236, 48, 0,
116, 143, 160, 32, 16,
129, 143, 248, 220, 220,
134, 143, 244, 140, 120,
139, 143, 248, 40, 0,
144, 143, 252, 40, 0,
173, 143, 156, 16, 0,
181, 143, 172, 16, 0,
186, 143, 168, 24, 0,
113, 144, 248, 148, 132,
118, 144, 228, 224, 224,
128, 144, 248, 112, 76,
133, 144, 248, 132, 104,
138, 144, 248, 112, 84,
143, 144, 252, 56, 4,
170, 144, 144, 12, 0,
177, 144, 164, 16, 0,
184, 144, 200, 28, 0,
113, 145, 248, 192, 180,
118, 145, 248, 180, 152,
127, 145, 244, 140, 120,
132, 145, 244, 252, 252,
137, 145, 248, 84, 40,
142, 145, 168, 36, 0,
173, 145, 88, 4, 0,
180, 145, 172, 16, 0,
113, 146, 240, 164, 152,
125, 146, 228, 80, 40,
130, 146, 248, 192, 180,
135, 146, 244, 56, 4,
140, 146, 232, 60, 4,
113, 147, 56, 8, 0,
120, 147, 252, 64, 0,
129, 147, 248, 196, 192,
134, 147, 248, 96, 60,
140, 147, 80, 16, 0,
114, 148, 216, 44, 0,
120, 148, 252, 60, 0,
127, 148, 248, 180, 152,
132, 148, 252, 80, 36,
137, 148, 124, 24, 0,
116, 149, 36, 16, 16,
122, 149, 244, 52, 0,
127, 149, 120, 96, 80,
132, 149, 124, 24, 0,
118, 150, 192, 40, 0,
124, 150, 252, 56, 0,
130, 150, 224, 44, 0,
119, 151, 112, 4, 0,
124, 151, 244, 56, 4,
129, 151, 156, 24, 0,
119, 152, 188, 56, 40,
124, 152, 92, 16, 0,
118, 153, 212, 48, 12,
118, 154, 68, 16, 0,
119, 155, 160, 32, 16,
121, 156, 244, 52, 0,
122, 157, 236, 48, 0,
120, 159, 192, 92, 64,
121, 160, 248, 116, 76,
121, 161, 80, 24, 16,
