102, 29, 80, 4, 12,
106, 31, 152, 0, 4,
108, 32, 200, 0, 4,
108, 33, 248, 0, 0,
104, 34, 252, 0, 0,
116, 34, 160, 0, 4,
108, 35, 252, 0, 0,
120, 35, 144, 0, 4,
111, 36, 252, 0, 0,
123, 36, 124, 4, 4,
111, 37, 252, 0, 0,
123, 37, 240, 0, 0,
108, 38, 252, 0, 0,
120, 38, 252, 0, 0,
132, 38, 64, 0, 0,
113, 39, 252, 0, 0,
125, 39, 252, 0, 0,
104, 40, 252, 0, 0,
116, 40, 252, 0, 0,
128, 40, 252, 0, 0,
103, 41, 252, 0, 0,
115, 41, 252, 0, 0,
127, 41, 252, 0, 0,
139, 41, 104, 0, 4,
109, 42, 252, 0, 0,
121, 42, 252, 0, 0,
133, 42, 252, 0, 0,
145, 42, 64, 0, 0,
112, 43, 252, 0, 0,
124, 43, 252, 0, 0,
136, 43, 252, 0, 0,
102, 44, 232, 0, 0,
114, 44, 252, 0, 0,
126, 44, 252, 0, 0,
138, 44, 252, 0, 0,
150, 44, 56, 4, 0,
112, 45, 252, 0, 0,
124, 45, 252, 0, 0,
136, 45, 252, 0, 0,
148, 45, 212, 0, 4,
108, 46, 252, 0, 0,
120, 46, 252, 0, 0,
132, 46, 252, 0, 0,
144, 46, 248, 0, 0,
101, 47, 136, 0, 4,
113, 47, 252, 0, 0,
125, 47, 252, 0, 0,
137, 47, 252, 0, 0,
149, 47, 252, 0, 0,
106, 48, 252, 0, 0,
118, 48, 252, 0, 0,
130, 48, 252, 0, 0,
142, 48, 252, 0, 0,
154, 48, 216, 0, 0,
109, 49, 252, 0, 0,
121, 49, 252, 0, 0,
133, 49, 252, 0, 0,
145, 49, 252, 0, 0,
157, 49, 144, 0, 4,
111, 50, 252, 0, 0,
123, 50, 252, 0, 0,
135, 50, 252, 0, 0,
147, 50, 252, 0, 0,
159, 50, 136, 0, 4,
111, 51, 252, 0, 0,
123, 51, 252, 0, 0,
135, 51, 252, 0, 0,
147, 51, 252, 0, 0,
159, 51, 212, 0, 4,
109, 52, 252, 0, 0,
121, 52, 252, 0, 0,
133, 52, 252, 0, 0,
145, 52, 252, 0, 0,
157, 52, 252, 0, 0,
107, 53, 252, 0, 0,
119, 53, 252, 0, 0,
131, 53, 240, 0, 0,
143, 53, 252, 0, 0,
155, 53, 252, 0, 0,
104, 54, 252, 0, 0,
116, 54, 252, 0, 0,
128, 54, 252, 0, 0,
140, 54, 200, 0, 4,
152, 54, 252, 0, 0,
164, 54, 124, 4, 4,
111, 55, 252, 0, 0,
123, 55, 252, 0, 0,
140, 55, 136, 0, 4,
152, 55, 252, 0, 0,
164, 55, 200, 0, 4,
111, 56, 252, 0, 0,
123, 56, 252, 0, 0,
142, 56, 232, 0, 0,
154, 56, 252, 0, 0,
166, 56, 124, 4, 4,
110, 57, 252, 0, 0,
122, 57, 252, 0, 0,
142, 57, 212, 0, 0,
154, 57, 252, 0, 0,
166, 57, 184, 0, 4,
110, 58, 252, 0, 0,
122, 58, 252, 0, 0,
142, 58, 184, 0, 4,
154, 58, 252, 0, 0,
166, 58, 244, 0, 0,
109, 59, 252, 0, 0,
121, 59, 252, 0, 0,
141, 59, 104, 0, 4,
153, 59, 252, 0, 0,
165, 59, 252, 0, 0,
108, 60, 252, 0, 0,
120, 60, 252, 0, 0,
132, 60, 68, 0, 0,
152, 60, 252, 0, 0,
164, 60, 252, 0, 0,
106, 61, 252, 0, 0,
118, 61, 252, 0, 0,
130, 61, 212, 0, 0,
150, 61, 252, 0, 0,
162, 61, 252, 0, 0,
103, 62, 252, 0, 0,
115, 62, 252, 0, 0,
127, 62, 252, 0, 0,
148, 62, 252, 0, 0,
160, 62, 252, 0, 0,
172, 62, 64, 0, 0,
112, 63, 252, 0, 0,
124, 63, 252, 0, 0,
144, 63, 252, 0, 0,
156, 63, 252, 0, 0,
168, 63, 252, 0, 0,
108, 64, 252, 0, 0,
120, 64, 252, 0, 0,
132, 64, 56, 4, 0,
152, 64, 252, 0, 0,
164, 64, 252, 0, 0,
104, 65, 252, 0, 0,
116, 65, 252, 0, 0,
128, 65, 252, 0, 0,
148, 65, 252, 0, 0,
160, 65, 252, 0, 0,
172, 65, 136, 0, 4,
111, 66, 252, 0, 0,
123, 66, 252, 0, 0,
143, 66, 248, 0, 0,
155, 66, 252, 0, 0,
167, 66, 252, 0, 0,
106, 67, 252, 0, 0,
118, 67, 252, 0, 0,
130, 67, 184, 0, 4,
150, 67, 252, 0, 0,
162, 67, 252, 0, 0,
101, 68, 104, 0, 4,
113, 68, 252, 0, 0,
125, 68, 252, 0, 0,
145, 68, 252, 0, 0,
157, 68, 252, 0, 0,
169, 68, 252, 0, 0,
107, 69, 252, 0, 0,
119, 69, 252, 0, 0,
131, 69, 152, 0, 4,
151, 69, 252, 0, 0,
163, 69, 252, 0, 0,
101, 70, 104, 0, 4,
113, 70, 252, 0, 0,
125, 70, 252, 0, 0,
145, 70, 252, 0, 0,
157, 70, 252, 0, 0,
169, 70, 252, 0, 0,
107, 71, 252, 0, 0,
119, 71, 252, 0, 0,
131, 71, 136, 0, 4,
151, 71, 252, 0, 0,
163, 71, 252, 0, 0,
101, 72, 96, 0, 4,
113, 72, 252, 0, 0,
125, 72, 252, 0, 0,
145, 72, 252, 0, 0,
157, 72, 252, 0, 0,
169, 72, 252, 0, 0,
107, 73, 252, 0, 0,
119, 73, 252, 0, 0,
131, 73, 144, 0, 4,
151, 73, 252, 0, 0,
163, 73, 252, 0, 0,
101, 74, 112, 4, 4,
113, 74, 252, 0, 0,
125, 74, 252, 0, 0,
145, 74, 252, 0, 0,
157, 74, 252, 0, 0,
169, 74, 252, 0, 0,
107, 75, 252, 0, 0,
119, 75, 252, 0, 0,
131, 75, 152, 0, 4,
151, 75, 252, 0, 0,
163, 75, 252, 0, 0,
101, 76, 124, 4, 4,
113, 76, 252, 0, 0,
125, 76, 252, 0, 0,
145, 76, 252, 0, 0,
157, 76, 252, 0, 0,
169, 76, 252, 0, 0,
105, 77, 252, 0, 0,
117, 77, 252, 0, 0,
129, 77, 252, 0, 0,
149, 77, 252, 0, 0,
161, 77, 252, 0, 0,
173, 77, 248, 0, 0,
109, 78, 252, 0, 0,
121, 78, 252, 0, 0,
141, 78, 124, 4, 4,
153, 78, 252, 0, 0,
165, 78, 252, 0, 0,
102, 79, 224, 0, 0,
114, 79, 252, 0, 0,
126, 79, 252, 0, 0,
146, 79, 252, 0, 0,
158, 79, 252, 0, 0,
170, 79, 252, 0, 0,
107, 80, 252, 0, 0,
119, 80, 252, 0, 0,
131, 80, 152, 0, 4,
151, 80, 252, 0, 0,
163, 80, 252, 0, 0,
101, 81, 96, 0, 4,
113, 81, 252, 0, 0,
125, 81, 252, 0, 0,
146, 81, 252, 0, 0,
158, 81, 252, 0, 0,
170, 81, 252, 0, 0,
107, 82, 252, 0, 0,
119, 82, 252, 0, 0,
131, 82, 152, 0, 4,
151, 82, 252, 0, 0,
163, 82, 252, 0, 0,
175, 82, 56, 4, 0,
112, 83, 252, 0, 0,
124, 83, 252, 0, 0,
144, 83, 252, 0, 0,
156, 83, 252, 0, 0,
168, 83, 252, 0, 0,
106, 84, 252, 0, 0,
118, 84, 252, 0, 0,
130, 84, 212, 0, 0,
150, 84, 252, 0, 0,
162, 84, 252, 0, 0,
174, 84, 160, 0, 4,
111, 85, 252, 0, 0,
123, 85, 252, 0, 0,
143, 85, 248, 0, 0,
155, 85, 252, 0, 0,
167, 85, 252, 0, 0,
104, 86, 252, 0, 0,
116, 86, 252, 0, 0,
128, 86, 252, 0, 0,
148, 86, 252, 0, 0,
160, 86, 252, 0, 0,
172, 86, 252, 0, 0,
108, 87, 252, 0, 0,
120, 87, 252, 0, 0,
132, 87, 68, 0, 0,
152, 87, 252, 0, 0,
164, 87, 252, 0, 0,
101, 88, 112, 4, 4,
113, 88, 252, 0, 0,
125, 88, 252, 0, 0,
145, 88, 252, 0, 0,
157, 88, 252, 0, 0,
169, 88, 252, 0, 0,
106, 89, 252, 0, 0,
118, 89, 252, 0, 0,
130, 89, 212, 0, 0,
150, 89, 252, 0, 0,
162, 89, 252, 0, 0,
174, 89, 152, 0, 4,
111, 90, 252, 0, 0,
123, 90, 252, 0, 0,
143, 90, 248, 0, 0,
155, 90, 252, 0, 0,
167, 90, 252, 0, 0,
104, 91, 252, 0, 0,
116, 91, 252, 0, 0,
128, 91, 252, 0, 0,
148, 91, 252, 0, 0,
160, 91, 252, 0, 0,
172, 91, 252, 0, 0,
109, 92, 252, 0, 0,
121, 92, 252, 0, 0,
141, 92, 104, 0, 4,
153, 92, 252, 0, 0,
165, 92, 252, 0, 0,
103, 93, 252, 0, 0,
115, 93, 252, 0, 0,
127, 93, 252, 0, 0,
147, 93, 252, 0, 0,
159, 93, 252, 0, 0,
171, 93, 252, 0, 0,
109, 94, 252, 0, 0,
121, 94, 252, 0, 0,
141, 94, 112, 4, 4,
153, 94, 252, 0, 0,
165, 94, 252, 0, 0,
103, 95, 252, 0, 0,
115, 95, 252, 0, 0,
127, 95, 252, 0, 0,
147, 95, 252, 0, 0,
159, 95, 252, 0, 0,
171, 95, 252, 0, 0,
109, 96, 252, 0, 0,
121, 96, 252, 0, 0,
141, 96, 56, 4, 0,
153, 96, 252, 0, 0,
165, 96, 252, 0, 0,
103, 97, 252, 0, 0,
115, 97, 252, 0, 0,
127, 97, 252, 0, 0,
148, 97, 252, 0, 0,
160, 97, 252, 0, 0,
172, 97, 224, 0, 0,
110, 98, 252, 0, 0,
122, 98, 252, 0, 0,
142, 98, 184, 0, 4,
154, 98, 252, 0, 0,
166, 98, 252, 0, 0,
105, 99, 252, 0, 0,
117, 99, 252, 0, 0,
129, 99, 252, 0, 0,
149, 99, 252, 0, 0,
161, 99, 252, 0, 0,
101, 100, 104, 0, 4,
113, 100, 252, 0, 0,
125, 100, 252, 0, 0,
145, 100, 252, 0, 0,
157, 100, 252, 0, 0,
169, 100, 252, 0, 0,
109, 101, 252, 0, 0,
121, 101, 252, 0, 0,
141, 101, 104, 0, 4,
153, 101, 252, 0, 0,
165, 101, 252, 0, 0,
105, 102, 252, 0, 0,
117, 102, 252, 0, 0,
129, 102, 252, 0, 0,
149, 102, 252, 0, 0,
161, 102, 252, 0, 0,
101, 103, 112, 4, 4,
113, 103, 252, 0, 0,
125, 103, 252, 0, 0,
145, 103, 252, 0, 0,
157, 103, 252, 0, 0,
169, 103, 224, 0, 0,
110, 104, 252, 0, 0,
122, 104, 252, 0, 0,
142, 104, 184, 0, 4,
154, 104, 252, 0, 0,
166, 104, 252, 0, 0,
108, 105, 252, 0, 0,
120, 105, 252, 0, 0,
132, 105, 56, 4, 0,
152, 105, 252, 0, 0,
164, 105, 252, 0, 0,
104, 106, 252, 0, 0,
116, 106, 252, 0, 0,
128, 106, 252, 0, 0,
148, 106, 252, 0, 0,
160, 106, 252, 0, 0,
99, 107, 8, 4, 212,
111, 107, 252, 0, 0,
123, 107, 252, 0, 0,
144, 107, 244, 0, 0,
156, 107, 252, 0, 0,
168, 107, 56, 4, 0,
105, 108, 252, 0, 0,
117, 108, 252, 0, 0,
129, 108, 252, 0, 0,
150, 108, 252, 0, 0,
162, 108, 252, 0, 0,
97, 109, 0, 8, 248,
109, 109, 252, 0, 0,
121, 109, 252, 0, 0,
143, 109, 104, 0, 4,
155, 109, 252, 0, 0,
89, 110, 4, 12, 68,
101, 110, 72, 52, 108,
113, 110, 252, 0, 0,
125, 110, 252, 0, 0,
149, 110, 176, 0, 8,
161, 110, 200, 0, 4,
95, 111, 0, 8, 248,
107, 111, 252, 0, 0,
119, 111, 252, 0, 0,
131, 111, 152, 0, 4,
157, 111, 160, 0, 4,
89, 112, 12, 132, 60,
101, 112, 72, 52, 108,
113, 112, 252, 0, 0,
125, 112, 252, 0, 0,
81, 113, 16, 48, 0,
93, 113, 8, 84, 116,
105, 113, 252, 0, 0,
117, 113, 252, 0, 0,
129, 113, 252, 0, 0,
88, 114, 0, 152, 52,
100, 114, 4, 36, 240,
112, 114, 252, 0, 0,
124, 114, 252, 0, 0,
77, 115, 16, 88, 12,
89, 115, 0, 152, 52,
101, 115, 72, 52, 108,
113, 115, 252, 0, 0,
125, 115, 252, 0, 0,
159, 115, 4, 12, 68,
171, 115, 12, 12, 112,
183, 115, 4, 12, 68,
84, 116, 0, 152, 52,
96, 116, 0, 152, 60,
108, 116, 252, 0, 0,
120, 116, 252, 0, 0,
132, 116, 56, 4, 0,
162, 116, 8, 12, 180,
174, 116, 4, 20, 212,
72, 117, 16, 88, 12,
84, 117, 0, 152, 52,
96, 117, 0, 152, 52,
108, 117, 252, 0, 0,
120, 117, 252, 0, 0,
132, 117, 64, 0, 0,
157, 117, 0, 4, 248,
169, 117, 0, 8, 248,
181, 117, 0, 4, 248,
69, 118, 12, 48, 28,
81, 118, 0, 152, 52,
93, 118, 0, 152, 52,
105, 118, 252, 0, 0,
117, 118, 252, 0, 0,
129, 118, 252, 0, 0,
152, 118, 4, 36, 240,
164, 118, 0, 0, 252,
176, 118, 0, 0, 252,
188, 118, 8, 4, 212,
71, 119, 16, 160, 44,
83, 119, 0, 152, 52,
95, 119, 0, 152, 52,
107, 119, 252, 0, 0,
119, 119, 252, 0, 0,
131, 119, 152, 0, 4,
151, 119, 0, 8, 248,
163, 119, 0, 0, 252,
175, 119, 0, 0, 252,
187, 119, 0, 8, 248,
63, 120, 16, 68, 0,
75, 120, 0, 152, 52,
87, 120, 0, 152, 52,
99, 120, 0, 168, 52,
111, 120, 252, 0, 0,
123, 120, 252, 0, 0,
141, 120, 8, 12, 140,
153, 120, 0, 0, 252,
165, 120, 0, 0, 252,
177, 120, 0, 0, 252,
189, 120, 0, 0, 252,
61, 121, 16, 88, 12,
73, 121, 0, 156, 60,
85, 121, 0, 152, 52,
97, 121, 0, 152, 52,
109, 121, 252, 0, 0,
121, 121, 252, 0, 0,
136, 121, 4, 12, 68,
148, 121, 0, 0, 252,
160, 121, 0, 0, 252,
172, 121, 0, 0, 252,
184, 121, 0, 0, 252,
196, 121, 0, 0, 252,
63, 122, 28, 132, 20,
75, 122, 0, 152, 52,
87, 122, 0, 152, 52,
99, 122, 0, 168, 52,
111, 122, 252, 0, 0,
123, 122, 252, 0, 0,
136, 122, 8, 12, 180,
148, 122, 0, 0, 252,
160, 122, 0, 0, 252,
172, 122, 0, 0, 252,
184, 122, 0, 0, 252,
196, 122, 0, 0, 252,
57, 123, 44, 76, 24,
69, 123, 0, 152, 52,
81, 123, 0, 152, 52,
93, 123, 0, 152, 52,
105, 123, 252, 0, 0,
117, 123, 252, 0, 0,
129, 123, 232, 0, 0,
141, 123, 0, 0, 252,
153, 123, 0, 0, 252,
165, 123, 0, 0, 252,
177, 123, 0, 0, 252,
189, 123, 0, 0, 252,
201, 123, 0, 0, 252,
59, 124, 0, 152, 44,
71, 124, 0, 152, 52,
83, 124, 0, 152, 52,
95, 124, 0, 156, 52,
107, 124, 252, 0, 0,
119, 124, 252, 0, 0,
131, 124, 112, 4, 4,
143, 124, 0, 0, 252,
155, 124, 0, 0, 252,
167, 124, 0, 0, 252,
179, 124, 0, 0, 252,
191, 124, 0, 0, 252,
203, 124, 4, 0, 252,
56, 125, 4, 156, 28,
68, 125, 0, 152, 52,
80, 125, 0, 152, 52,
92, 125, 0, 168, 68,
104, 125, 252, 0, 0,
116, 125, 252, 0, 0,
128, 125, 252, 0, 0,
140, 125, 0, 0, 252,
152, 125, 0, 0, 252,
164, 125, 0, 0, 252,
176, 125, 0, 8, 248,
188, 125, 0, 0, 252,
200, 125, 0, 0, 252,
47, 126, 44, 76, 24,
59, 126, 0, 152, 52,
71, 126, 0, 152, 52,
83, 126, 0, 152, 52,
95, 126, 16, 88, 12,
107, 126, 252, 0, 0,
119, 126, 252, 0, 0,
131, 126, 76, 72, 56,
143, 126, 0, 0, 252,
155, 126, 0, 0, 252,
167, 126, 0, 4, 248,
179, 126, 8, 12, 140,
191, 126, 0, 0, 252,
203, 126, 0, 0, 252,
47, 127, 132, 192, 16,
59, 127, 0, 152, 60,
71, 127, 0, 152, 52,
83, 127, 0, 152, 52,
100, 127, 20, 36, 40,
112, 127, 252, 0, 0,
124, 127, 252, 0, 0,
136, 127, 12, 132, 60,
148, 127, 0, 0, 252,
160, 127, 0, 0, 252,
172, 127, 8, 4, 212,
184, 127, 12, 12, 112,
196, 127, 0, 0, 252,
208, 127, 0, 4, 248,
50, 128, 204, 224, 4,
62, 128, 0, 152, 60,
74, 128, 0, 152, 52,
86, 128, 0, 152, 44,
105, 128, 252, 0, 0,
117, 128, 252, 0, 0,
129, 128, 252, 0, 0,
141, 128, 8, 84, 116,
153, 128, 0, 0, 252,
165, 128, 4, 0, 236,
181, 128, 4, 12, 68,
196, 128, 0, 0, 252,
208, 128, 0, 0, 252,
46, 129, 240, 236, 0,
58, 129, 72, 172, 28,
70, 129, 0, 152, 52,
82, 129, 0, 156, 60,
103, 129, 252, 0, 0,
115, 129, 252, 0, 0,
127, 129, 252, 0, 0,
139, 129, 0, 156, 68,
151, 129, 0, 0, 252,
163, 129, 4, 20, 212,
193, 129, 0, 0, 252,
205, 129, 0, 0, 252,
42, 130, 252, 244, 0,
54, 130, 252, 244, 0,
66, 130, 0, 156, 56,
78, 130, 0, 152, 48,
103, 130, 252, 0, 0,
115, 130, 252, 0, 0,
127, 130, 252, 0, 0,
139, 130, 0, 152, 52,
151, 130, 4, 68, 188,
163, 130, 12, 12, 112,
197, 130, 0, 0, 252,
209, 130, 0, 0, 252,
43, 131, 252, 252, 0,
55, 131, 252, 244, 0,
67, 131, 16, 160, 44,
79, 131, 24, 124, 0,
107, 131, 252, 0, 0,
119, 131, 252, 0, 0,
131, 131, 104, 76, 72,
143, 131, 24, 168, 24,
155, 131, 4, 20, 212,
189, 131, 0, 8, 248,
201, 131, 0, 0, 252,
213, 131, 8, 12, 180,
47, 132, 252, 252, 0,
59, 132, 252, 244, 0,
71, 132, 16, 160, 44,
101, 132, 104, 0, 4,
113, 132, 252, 0, 0,
125, 132, 252, 0, 0,
137, 132, 0, 152, 52,
149, 132, 4, 176, 28,
182, 132, 12, 8, 44,
194, 132, 0, 0, 252,
206, 132, 0, 0, 252,
39, 133, 252, 252, 0,
51, 133, 252, 252, 0,
63, 133, 252, 244, 0,
75, 133, 24, 124, 0,
107, 133, 252, 0, 0,
119, 133, 252, 0, 0,
131, 133, 136, 0, 4,
143, 133, 0, 156, 56,
155, 133, 20, 36, 40,
191, 133, 0, 0, 252,
203, 133, 0, 0, 252,
35, 134, 24, 40, 12,
47, 134, 252, 252, 0,
59, 134, 252, 252, 0,
71, 134, 132, 192, 16,
104, 134, 252, 0, 0,
116, 134, 252, 0, 0,
128, 134, 252, 0, 0,
140, 134, 0, 156, 52,
152, 134, 16, 88, 12,
185, 134, 0, 8, 248,
197, 134, 0, 0, 252,
209, 134, 0, 0, 252,
41, 135, 252, 252, 0,
53, 135, 252, 252, 0,
65, 135, 252, 252, 0,
103, 135, 252, 0, 0,
115, 135, 252, 0, 0,
127, 135, 252, 0, 0,
139, 135, 0, 152, 52,
176, 135, 8, 12, 140,
188, 135, 0, 0, 252,
200, 135, 0, 0, 252,
212, 135, 8, 4, 212,
44, 136, 252, 252, 0,
56, 136, 252, 252, 0,
68, 136, 168, 192, 12,
102, 136, 212, 0, 0,
114, 136, 252, 0, 0,
126, 136, 252, 0, 0,
138, 136, 0, 156, 56,
172, 136, 4, 44, 12,
184, 136, 0, 0, 252,
196, 136, 0, 0, 252,
208, 136, 0, 0, 252,
41, 137, 252, 252, 0,
53, 137, 252, 252, 0,
65, 137, 236, 220, 0,
101, 137, 72, 72, 24,
113, 137, 252, 0, 0,
125, 137, 252, 0, 0,
137, 137, 0, 156, 60,
172, 137, 24, 124, 0,
184, 137, 0, 0, 252,
196, 137, 0, 0, 252,
208, 137, 0, 0, 252,
42, 138, 252, 252, 0,
54, 138, 252, 252, 0,
66, 138, 72, 72, 24,
102, 138, 212, 0, 0,
114, 138, 252, 0, 0,
126, 138, 252, 0, 0,
138, 138, 4, 156, 28,
173, 138, 0, 168, 44,
185, 138, 0, 0, 252,
197, 138, 0, 0, 252,
209, 138, 8, 4, 212,
45, 139, 252, 252, 0,
57, 139, 252, 252, 0,
93, 139, 12, 132, 24,
105, 139, 252, 0, 0,
117, 139, 252, 0, 0,
129, 139, 252, 0, 0,
163, 139, 12, 28, 28,
175, 139, 4, 156, 28,
187, 139, 0, 0, 252,
199, 139, 0, 0, 252,
36, 140, 204, 224, 4,
48, 140, 252, 252, 0,
60, 140, 252, 244, 0,
94, 140, 72, 172, 28,
106, 140, 252, 0, 0,
118, 140, 252, 0, 0,
130, 140, 180, 48, 20,
165, 140, 12, 132, 60,
177, 140, 0, 168, 52,
189, 140, 0, 4, 248,
201, 140, 0, 0, 252,
40, 141, 252, 252, 0,
52, 141, 252, 252, 0,
64, 141, 44, 52, 28,
96, 141, 132, 192, 16,
108, 141, 252, 0, 0,
120, 141, 252, 0, 0,
132, 141, 72, 120, 24,
168, 141, 0, 152, 48,
180, 141, 0, 152, 52,
192, 141, 0, 0, 252,
204, 141, 0, 8, 248,
44, 142, 252, 252, 0,
56, 142, 252, 252, 0,
68, 142, 44, 76, 24,
80, 142, 72, 72, 24,
92, 142, 252, 252, 0,
104, 142, 252, 0, 0,
116, 142, 252, 0, 0,
128, 142, 252, 0, 0,
161, 142, 12, 132, 24,
173, 142, 0, 152, 52,
185, 142, 0, 152, 52,
197, 142, 0, 8, 248,
39, 143, 236, 220, 0,
51, 143, 252, 252, 0,
63, 143, 228, 248, 4,
75, 143, 72, 120, 24,
87, 143, 252, 244, 0,
99, 143, 204, 224, 4,
111, 143, 252, 0, 0,
123, 143, 252, 0, 0,
157, 143, 24, 124, 0,
169, 143, 0, 152, 52,
181, 143, 24, 168, 24,
193, 143, 4, 68, 188,
38, 144, 44, 52, 28,
50, 144, 252, 252, 0,
62, 144, 252, 252, 0,
74, 144, 212, 196, 8,
86, 144, 252, 252, 0,
98, 144, 252, 252, 0,
110, 144, 252, 0, 0,
122, 144, 252, 0, 0,
152, 144, 16, 68, 0,
164, 144, 0, 152, 52,
176, 144, 0, 152, 52,
188, 144, 4, 156, 28,
200, 144, 8, 12, 180,
49, 145, 252, 252, 0,
61, 145, 252, 252, 0,
73, 145, 252, 244, 0,
85, 145, 252, 252, 0,
97, 145, 252, 252, 0,
109, 145, 252, 0, 0,
121, 145, 252, 0, 0,
150, 145, 12, 48, 28,
162, 145, 0, 152, 52,
174, 145, 0, 152, 52,
186, 145, 0, 152, 52,
198, 145, 4, 12, 68,
49, 146, 252, 252, 0,
61, 146, 252, 252, 0,
73, 146, 252, 252, 0,
85, 146, 252, 252, 0,
97, 146, 252, 252, 0,
109, 146, 252, 0, 0,
121, 146, 252, 0, 0,
145, 146, 12, 28, 28,
158, 146, 0, 156, 56,
170, 146, 0, 152, 52,
182, 146, 0, 152, 52,
194, 146, 4, 176, 28,
52, 147, 252, 252, 0,
64, 147, 252, 252, 0,
76, 147, 252, 252, 0,
88, 147, 252, 252, 0,
100, 147, 244, 248, 0,
112, 147, 252, 0, 0,
124, 147, 252, 0, 0,
147, 147, 16, 88, 12,
159, 147, 0, 152, 52,
171, 147, 0, 152, 52,
183, 147, 0, 152, 52,
195, 147, 12, 48, 28,
55, 148, 252, 252, 0,
67, 148, 252, 252, 0,
79, 148, 252, 252, 0,
91, 148, 252, 252, 0,
103, 148, 252, 0, 0,
115, 148, 252, 0, 0,
127, 148, 252, 0, 0,
147, 148, 0, 152, 44,
159, 148, 0, 152, 52,
171, 148, 0, 152, 52,
183, 148, 0, 156, 56,
50, 149, 72, 120, 24,
62, 149, 252, 252, 0,
74, 149, 252, 252, 0,
86, 149, 252, 252, 0,
98, 149, 252, 244, 0,
110, 149, 252, 0, 0,
122, 149, 252, 0, 0,
139, 149, 16, 88, 12,
151, 149, 0, 152, 52,
163, 149, 0, 152, 52,
175, 149, 0, 152, 52,
187, 149, 24, 124, 0,
60, 150, 252, 252, 0,
72, 150, 252, 252, 0,
84, 150, 252, 252, 0,
96, 150, 252, 252, 0,
108, 150, 252, 0, 0,
120, 150, 252, 0, 0,
138, 150, 12, 132, 24,
150, 150, 0, 152, 52,
162, 150, 0, 152, 52,
174, 150, 0, 152, 52,
186, 150, 16, 48, 0,
64, 151, 252, 244, 0,
76, 151, 252, 252, 0,
88, 151, 244, 248, 0,
100, 151, 132, 192, 16,
112, 151, 252, 0, 0,
124, 151, 252, 0, 0,
137, 151, 12, 88, 48,
149, 151, 0, 152, 52,
161, 151, 0, 152, 52,
173, 151, 0, 152, 52,
58, 152, 44, 52, 28,
70, 152, 252, 244, 0,
82, 152, 252, 244, 0,
94, 152, 72, 120, 24,
106, 152, 252, 0, 0,
118, 152, 252, 0, 0,
130, 152, 232, 64, 0,
142, 152, 0, 152, 60,
154, 152, 0, 152, 52,
166, 152, 0, 152, 52,
178, 152, 4, 156, 28,
69, 153, 168, 192, 12,
81, 153, 168, 192, 12,
101, 153, 68, 0, 0,
113, 153, 252, 0, 0,
125, 153, 252, 0, 0,
137, 153, 24, 168, 24,
149, 153, 0, 152, 52,
161, 153, 0, 152, 52,
173, 153, 0, 156, 56,
70, 154, 16, 48, 0,
82, 154, 16, 48, 0,
106, 154, 252, 0, 0,
118, 154, 252, 0, 0,
130, 154, 232, 64, 0,
142, 154, 72, 172, 28,
154, 154, 0, 152, 52,
166, 154, 0, 156, 60,
101, 155, 112, 4, 4,
113, 155, 252, 0, 0,
125, 155, 252, 0, 0,
137, 155, 252, 244, 0,
149, 155, 0, 152, 48,
161, 155, 0, 152, 52,
173, 155, 16, 48, 0,
112, 156, 252, 0, 0,
124, 156, 252, 0, 0,
136, 156, 252, 252, 0,
148, 156, 72, 172, 28,
160, 156, 0, 156, 60,
103, 157, 252, 0, 0,
115, 157, 252, 0, 0,
127, 157, 252, 0, 0,
139, 157, 252, 252, 0,
151, 157, 72, 172, 28,
163, 157, 0, 156, 52,
107, 158, 252, 0, 0,
119, 158, 252, 0, 0,
131, 158, 204, 144, 16,
143, 158, 252, 252, 0,
155, 158, 24, 168, 24,
102, 159, 224, 0, 0,
114, 159, 252, 0, 0,
126, 159, 252, 0, 0,
138, 159, 252, 252, 0,
150, 159, 252, 252, 0,
162, 159, 16, 88, 12,
111, 160, 252, 0, 0,
123, 160, 252, 0, 0,
135, 160, 252, 252, 0,
147, 160, 252, 252, 0,
159, 160, 16, 88, 12,
112, 161, 252, 0, 0,
124, 161, 252, 0, 0,
136, 161, 252, 252, 0,
148, 161, 252, 252, 0,
101, 162, 64, 0, 0,
113, 162, 252, 0, 0,
125, 162, 252, 0, 0,
137, 162, 252, 252, 0,
149, 162, 252, 244, 0,
104, 163, 64, 0, 0,
116, 163, 252, 0, 0,
128, 163, 252, 0, 0,
140, 163, 252, 252, 0,
152, 163, 72, 120, 24,
117, 164, 252, 0, 0,
129, 164, 252, 0, 0,
141, 164, 252, 252, 0,
111, 165, 68, 0, 0,
123, 165, 252, 0, 0,
135, 165, 252, 252, 0,
147, 165, 72, 120, 24,
122, 166, 240, 0, 0,
134, 166, 252, 252, 0,
146, 166, 32, 28, 28,
127, 167, 252, 0, 0,
139, 167, 168, 192, 12,
127, 168, 252, 0, 0,
139, 168, 72, 120, 24,
130, 169, 232, 64, 0,
126, 170, 60, 36, 20,
130, 171, 104, 76, 72,
