70, 52, 20, 16, 32,
114, 55, 16, 16, 36,
92, 56, 20, 16, 32,
130, 56, 16, 16, 32,
203, 56, 24, 24, 36,
82, 57, 16, 16, 32,
102, 57, 16, 16, 36,
132, 57, 20, 32, 44,
160, 57, 20, 16, 32,
187, 57, 20, 32, 44,
31, 58, 24, 24, 36,
63, 58, 176, 192, 204,
83, 58, 36, 40, 60,
95, 58, 20, 32, 44,
112, 58, 20, 20, 36,
124, 58, 16, 20, 36,
137, 58, 24, 24, 36,
149, 58, 12, 24, 56,
163, 58, 36, 60, 88,
176, 58, 16, 28, 40,
208, 58, 12, 16, 36,
54, 59, 20, 20, 44,
68, 59, 36, 40, 84,
81, 59, 36, 40, 60,
93, 59, 12, 16, 32,
105, 59, 24, 44, 84,
118, 59, 12, 24, 48,
130, 59, 12, 32, 52,
142, 59, 72, 92, 148,
154, 59, 24, 60, 84,
169, 59, 52, 76, 108,
190, 59, 36, 60, 88,
210, 59, 24, 60, 84,
35, 60, 20, 28, 60,
52, 60, 164, 152, 184,
64, 60, 108, 120, 172,
77, 60, 52, 76, 108,
91, 60, 176, 220, 248,
104, 60, 24, 44, 84,
117, 60, 52, 76, 108,
130, 60, 36, 60, 88,
143, 60, 8, 56, 92,
155, 60, 144, 204, 236,
171, 60, 52, 76, 108,
189, 60, 24, 44, 84,
207, 60, 96, 152, 172,
32, 61, 36, 60, 88,
44, 61, 52, 76, 140,
59, 61, 12, 20, 48,
73, 61, 20, 28, 60,
86, 61, 8, 24, 72,
99, 61, 8, 12, 72,
111, 61, 12, 20, 40,
124, 61, 12, 32, 52,
136, 61, 12, 24, 56,
148, 61, 80, 128, 172,
162, 61, 96, 152, 172,
174, 61, 24, 60, 112,
186, 61, 36, 40, 60,
200, 61, 12, 20, 40,
213, 61, 4, 24, 60,
38, 62, 4, 20, 52,
53, 62, 108, 124, 140,
65, 62, 24, 60, 112,
77, 62, 4, 24, 36,
89, 62, 108, 120, 172,
101, 62, 36, 52, 136,
114, 62, 76, 128, 208,
126, 62, 12, 28, 64,
138, 62, 76, 112, 200,
150, 62, 108, 180, 220,
167, 62, 80, 128, 172,
179, 62, 20, 24, 52,
191, 62, 36, 100, 140,
203, 62, 120, 156, 200,
215, 62, 176, 220, 248,
40, 63, 4, 28, 64,
56, 63, 108, 120, 172,
68, 63, 4, 12, 60,
81, 63, 8, 56, 92,
93, 63, 20, 28, 60,
105, 63, 8, 68, 136,
117, 63, 76, 128, 208,
129, 63, 92, 156, 220,
141, 63, 56, 84, 168,
153, 63, 24, 60, 84,
167, 63, 36, 100, 140,
179, 63, 24, 32, 76,
191, 63, 76, 128, 208,
203, 63, 20, 24, 60,
215, 63, 108, 124, 140,
39, 64, 52, 76, 140,
54, 64, 24, 60, 112,
66, 64, 52, 92, 112,
79, 64, 12, 24, 56,
91, 64, 80, 128, 172,
103, 64, 92, 152, 236,
115, 64, 68, 156, 228,
127, 64, 108, 180, 220,
139, 64, 68, 156, 228,
152, 64, 96, 152, 172,
165, 64, 108, 180, 220,
177, 64, 96, 156, 200,
189, 64, 68, 156, 228,
201, 64, 96, 156, 200,
213, 64, 80, 128, 172,
39, 65, 92, 156, 220,
52, 65, 4, 20, 52,
64, 65, 128, 204, 228,
76, 65, 4, 20, 52,
88, 65, 108, 180, 220,
100, 65, 68, 156, 228,
112, 65, 92, 156, 220,
124, 65, 84, 196, 244,
136, 65, 84, 196, 244,
148, 65, 24, 24, 56,
161, 65, 4, 20, 52,
173, 65, 68, 156, 228,
185, 65, 92, 156, 220,
197, 65, 120, 156, 200,
209, 65, 80, 192, 216,
37, 66, 32, 84, 108,
49, 66, 12, 20, 52,
61, 66, 92, 168, 240,
73, 66, 36, 100, 140,
85, 66, 128, 204, 248,
97, 66, 92, 168, 240,
109, 66, 12, 24, 60,
121, 66, 8, 56, 92,
133, 66, 68, 152, 184,
145, 66, 24, 24, 56,
157, 66, 20, 24, 52,
169, 66, 128, 204, 248,
181, 66, 20, 40, 60,
193, 66, 8, 56, 92,
205, 66, 12, 12, 52,
217, 66, 8, 36, 68,
43, 67, 68, 156, 228,
56, 67, 4, 28, 64,
68, 67, 12, 24, 56,
80, 67, 108, 204, 232,
92, 67, 96, 156, 200,
104, 67, 12, 24, 60,
116, 67, 128, 228, 240,
128, 67, 152, 244, 248,
140, 67, 172, 244, 248,
152, 67, 220, 252, 252,
164, 67, 52, 76, 140,
176, 67, 12, 32, 52,
188, 67, 128, 204, 248,
200, 67, 72, 116, 148,
214, 67, 4, 24, 60,
41, 68, 92, 168, 240,
56, 68, 12, 24, 60,
68, 68, 32, 16, 56,
80, 68, 108, 204, 232,
92, 68, 200, 248, 252,
104, 68, 20, 24, 52,
117, 68, 152, 244, 248,
129, 68, 192, 248, 248,
141, 68, 128, 184, 204,
153, 68, 184, 236, 252,
165, 68, 4, 20, 52,
177, 68, 12, 24, 56,
189, 68, 128, 228, 240,
201, 68, 16, 20, 40,
214, 68, 72, 96, 112,
42, 69, 84, 196, 244,
54, 69, 20, 16, 32,
66, 69, 24, 60, 112,
78, 69, 152, 244, 248,
90, 69, 96, 152, 172,
102, 69, 24, 32, 76,
114, 69, 208, 252, 252,
126, 69, 12, 28, 76,
138, 69, 192, 248, 248,
151, 69, 212, 252, 252,
163, 69, 20, 24, 52,
175, 69, 192, 220, 232,
187, 69, 200, 248, 252,
200, 69, 20, 12, 48,
215, 69, 24, 44, 84,
40, 70, 128, 204, 228,
55, 70, 16, 16, 28,
67, 70, 32, 84, 108,
79, 70, 152, 244, 248,
91, 70, 192, 248, 248,
103, 70, 20, 24, 52,
115, 70, 192, 248, 248,
127, 70, 36, 60, 88,
139, 70, 184, 248, 248,
151, 70, 200, 240, 252,
165, 70, 24, 24, 56,
177, 70, 52, 76, 108,
189, 70, 192, 248, 248,
203, 70, 16, 20, 36,
216, 70, 20, 40, 60,
40, 71, 148, 224, 248,
53, 71, 20, 24, 36,
65, 71, 148, 224, 248,
77, 71, 164, 228, 248,
89, 71, 128, 204, 248,
101, 71, 24, 16, 76,
113, 71, 80, 128, 172,
125, 71, 20, 16, 60,
137, 71, 184, 236, 252,
149, 71, 124, 168, 228,
162, 71, 20, 32, 44,
174, 71, 148, 192, 204,
186, 71, 120, 156, 200,
199, 71, 20, 20, 40,
211, 71, 176, 220, 248,
35, 72, 108, 180, 220,
47, 72, 144, 176, 236,
61, 72, 4, 24, 60,
73, 72, 144, 204, 236,
85, 72, 8, 16, 92,
97, 72, 108, 180, 244,
109, 72, 12, 20, 52,
121, 72, 4, 28, 76,
133, 72, 96, 152, 172,
145, 72, 4, 28, 76,
157, 72, 80, 128, 172,
169, 72, 20, 28, 60,
181, 72, 20, 24, 60,
193, 72, 20, 40, 60,
206, 72, 20, 24, 44,
219, 72, 12, 32, 52,
43, 73, 20, 28, 60,
56, 73, 20, 24, 48,
68, 73, 56, 84, 168,
80, 73, 48, 48, 112,
92, 73, 24, 60, 112,
104, 73, 24, 24, 56,
116, 73, 52, 76, 140,
128, 73, 128, 184, 224,
140, 73, 32, 84, 108,
152, 73, 80, 128, 172,
164, 73, 20, 24, 60,
176, 73, 32, 84, 168,
188, 73, 36, 56, 156,
200, 73, 16, 20, 36,
212, 73, 52, 76, 108,
35, 74, 24, 40, 112,
47, 74, 80, 128, 172,
60, 74, 20, 20, 44,
72, 74, 24, 24, 92,
84, 74, 28, 76, 140,
96, 74, 76, 112, 200,
108, 74, 12, 20, 52,
120, 74, 44, 116, 168,
132, 74, 128, 192, 244,
144, 74, 96, 156, 200,
156, 74, 128, 184, 204,
168, 74, 24, 32, 76,
180, 74, 80, 128, 172,
192, 74, 68, 152, 184,
204, 74, 12, 20, 52,
216, 74, 52, 76, 140,
38, 75, 52, 76, 140,
50, 75, 12, 20, 32,
62, 75, 12, 24, 60,
74, 75, 4, 20, 52,
86, 75, 28, 76, 140,
98, 75, 92, 152, 236,
110, 75, 12, 24, 56,
122, 75, 24, 32, 76,
134, 75, 4, 28, 64,
146, 75, 92, 156, 220,
158, 75, 8, 36, 68,
170, 75, 24, 60, 112,
182, 75, 8, 24, 72,
194, 75, 24, 60, 112,
206, 75, 24, 44, 84,
218, 75, 128, 180, 244,
38, 76, 76, 128, 208,
51, 76, 72, 116, 148,
63, 76, 52, 76, 108,
75, 76, 4, 20, 52,
87, 76, 28, 76, 140,
99, 76, 108, 180, 244,
111, 76, 24, 32, 76,
123, 76, 20, 24, 60,
135, 76, 12, 24, 60,
147, 76, 128, 204, 248,
159, 76, 176, 232, 248,
171, 76, 104, 156, 220,
183, 76, 4, 24, 60,
195, 76, 164, 216, 248,
207, 76, 80, 128, 172,
219, 76, 164, 216, 248,
42, 77, 16, 28, 32,
57, 77, 120, 156, 200,
69, 77, 108, 204, 232,
81, 77, 128, 192, 244,
93, 77, 92, 168, 240,
105, 77, 20, 40, 60,
117, 77, 164, 228, 248,
129, 77, 176, 232, 248,
141, 77, 192, 248, 248,
153, 77, 20, 24, 60,
165, 77, 192, 248, 248,
177, 77, 172, 244, 248,
189, 77, 164, 216, 248,
201, 77, 200, 240, 252,
213, 77, 164, 216, 248,
34, 78, 164, 228, 248,
46, 78, 108, 120, 172,
58, 78, 164, 228, 248,
70, 78, 148, 212, 248,
82, 78, 176, 220, 248,
94, 78, 108, 180, 220,
106, 78, 12, 28, 76,
118, 78, 184, 248, 248,
130, 78, 184, 248, 248,
142, 78, 220, 252, 252,
154, 78, 20, 40, 60,
166, 78, 196, 244, 244,
178, 78, 184, 248, 248,
190, 78, 144, 204, 236,
202, 78, 208, 252, 252,
214, 78, 176, 232, 248,
35, 79, 148, 212, 248,
47, 79, 144, 204, 236,
59, 79, 164, 216, 248,
71, 79, 164, 216, 248,
83, 79, 164, 216, 248,
95, 79, 108, 204, 232,
107, 79, 24, 44, 84,
119, 79, 208, 252, 252,
131, 79, 196, 244, 244,
143, 79, 228, 252, 252,
156, 79, 176, 220, 228,
168, 79, 208, 252, 252,
180, 79, 196, 244, 244,
192, 79, 20, 24, 60,
204, 79, 208, 252, 252,
216, 79, 200, 240, 252,
33, 80, 164, 228, 248,
45, 80, 12, 24, 56,
57, 80, 164, 228, 248,
69, 80, 176, 232, 248,
81, 80, 192, 248, 248,
93, 80, 128, 192, 244,
105, 80, 160, 220, 232,
117, 80, 208, 252, 252,
129, 80, 228, 252, 252,
141, 80, 12, 20, 48,
153, 80, 24, 32, 76,
165, 80, 228, 252, 252,
177, 80, 224, 252, 248,
191, 80, 24, 24, 36,
203, 80, 224, 252, 248,
215, 80, 212, 252, 252,
32, 81, 176, 232, 248,
45, 81, 12, 24, 60,
57, 81, 196, 244, 244,
69, 81, 196, 244, 244,
81, 81, 104, 156, 220,
93, 81, 144, 204, 236,
105, 81, 224, 252, 248,
117, 81, 220, 252, 252,
129, 81, 220, 252, 252,
141, 81, 20, 20, 48,
153, 81, 12, 20, 52,
165, 81, 236, 252, 252,
177, 81, 232, 252, 252,
189, 81, 16, 16, 36,
201, 81, 232, 252, 252,
213, 81, 228, 252, 244,
32, 82, 52, 92, 112,
44, 82, 20, 40, 60,
56, 82, 208, 252, 252,
68, 82, 196, 244, 244,
80, 82, 76, 112, 200,
92, 82, 128, 204, 248,
104, 82, 224, 252, 248,
116, 82, 244, 248, 248,
128, 82, 20, 24, 60,
140, 82, 24, 20, 36,
152, 82, 20, 12, 48,
164, 82, 236, 252, 252,
176, 82, 240, 252, 252,
188, 82, 20, 24, 36,
200, 82, 240, 252, 252,
212, 82, 232, 252, 252,
34, 83, 216, 252, 252,
46, 83, 184, 236, 240,
58, 83, 176, 220, 248,
70, 83, 148, 192, 204,
82, 83, 80, 104, 172,
94, 83, 164, 216, 248,
106, 83, 228, 252, 252,
118, 83, 232, 252, 252,
130, 83, 4, 20, 52,
142, 83, 24, 24, 36,
154, 83, 128, 184, 204,
166, 83, 176, 192, 204,
178, 83, 164, 152, 184,
190, 83, 16, 16, 32,
202, 83, 192, 220, 232,
214, 83, 192, 220, 232,
37, 84, 108, 120, 172,
49, 84, 52, 92, 112,
61, 84, 52, 76, 108,
73, 84, 200, 248, 252,
85, 84, 92, 152, 236,
97, 84, 208, 252, 252,
109, 84, 224, 252, 248,
121, 84, 8, 28, 92,
133, 84, 12, 32, 52,
146, 84, 12, 20, 40,
158, 84, 12, 32, 52,
170, 84, 20, 28, 60,
182, 84, 20, 24, 52,
197, 84, 36, 40, 60,
209, 84, 60, 56, 84,
35, 85, 4, 28, 64,
49, 85, 12, 28, 36,
61, 85, 12, 24, 60,
73, 85, 96, 156, 200,
85, 85, 92, 152, 236,
97, 85, 196, 244, 244,
109, 85, 228, 252, 252,
121, 85, 56, 104, 140,
133, 85, 8, 48, 68,
145, 85, 20, 24, 36,
157, 85, 20, 24, 52,
170, 85, 24, 24, 56,
182, 85, 12, 16, 36,
200, 85, 20, 20, 44,
212, 85, 20, 24, 36,
52, 86, 20, 24, 36,
64, 86, 12, 24, 48,
76, 86, 92, 168, 240,
88, 86, 108, 180, 244,
100, 86, 144, 176, 236,
112, 86, 24, 44, 84,
124, 86, 164, 216, 248,
136, 86, 24, 44, 84,
148, 86, 20, 24, 32,
160, 86, 228, 252, 252,
173, 86, 20, 24, 52,
196, 86, 20, 20, 40,
208, 86, 20, 24, 36,
57, 87, 20, 24, 36,
69, 87, 24, 20, 36,
81, 87, 92, 152, 236,
93, 87, 164, 216, 248,
105, 87, 236, 252, 252,
117, 87, 240, 252, 252,
129, 87, 80, 128, 172,
141, 87, 12, 24, 60,
153, 87, 20, 24, 52,
166, 87, 20, 24, 52,
178, 87, 16, 20, 32,
208, 87, 16, 16, 36,
69, 88, 24, 20, 36,
81, 88, 92, 168, 240,
93, 88, 164, 216, 248,
105, 88, 248, 248, 252,
117, 88, 176, 192, 204,
129, 88, 12, 28, 64,
141, 88, 4, 28, 76,
153, 88, 24, 24, 56,
166, 88, 20, 24, 44,
178, 88, 16, 20, 36,
75, 89, 144, 176, 236,
87, 89, 128, 180, 244,
99, 89, 216, 252, 252,
111, 89, 148, 192, 204,
123, 89, 20, 24, 60,
135, 89, 24, 44, 84,
148, 89, 20, 20, 40,
162, 89, 20, 32, 44,
174, 89, 12, 16, 36,
75, 90, 96, 156, 200,
87, 90, 128, 192, 244,
99, 90, 212, 252, 252,
111, 90, 144, 176, 236,
123, 90, 20, 28, 60,
135, 90, 12, 20, 48,
147, 90, 20, 32, 44,
159, 90, 36, 60, 88,
172, 90, 12, 16, 32,
77, 91, 128, 184, 224,
89, 91, 144, 204, 236,
101, 91, 36, 56, 156,
113, 91, 80, 128, 172,
125, 91, 24, 24, 56,
137, 91, 12, 28, 64,
150, 91, 16, 28, 32,
166, 91, 24, 24, 36,
78, 92, 124, 168, 228,
90, 92, 144, 204, 236,
102, 92, 76, 112, 200,
114, 92, 28, 76, 140,
126, 92, 20, 24, 52,
139, 92, 16, 20, 40,
152, 92, 20, 20, 20,
67, 93, 12, 20, 32,
80, 93, 108, 180, 244,
92, 93, 164, 228, 248,
104, 93, 32, 84, 168,
116, 93, 96, 156, 200,
128, 93, 20, 24, 52,
143, 93, 4, 28, 76,
155, 93, 248, 248, 252,
74, 94, 20, 24, 52,
86, 94, 128, 192, 244,
98, 94, 220, 252, 252,
110, 94, 244, 248, 248,
122, 94, 32, 84, 108,
134, 94, 12, 20, 32,
149, 94, 12, 28, 76,
72, 95, 12, 20, 32,
84, 95, 128, 184, 224,
96, 95, 200, 248, 252,
108, 95, 248, 248, 252,
120, 95, 176, 232, 248,
132, 95, 20, 24, 36,
148, 95, 124, 152, 228,
72, 96, 12, 20, 32,
84, 96, 128, 204, 228,
96, 96, 208, 252, 252,
108, 96, 236, 252, 252,
120, 96, 184, 236, 252,
132, 96, 20, 24, 36,
146, 96, 20, 24, 52,
160, 96, 16, 16, 32,
82, 97, 128, 204, 228,
94, 97, 164, 216, 248,
106, 97, 24, 60, 112,
118, 97, 184, 248, 248,
130, 97, 20, 24, 44,
142, 97, 24, 20, 36,
154, 97, 12, 20, 40,
79, 98, 8, 40, 92,
91, 98, 124, 168, 228,
103, 98, 52, 124, 204,
115, 98, 236, 252, 252,
127, 98, 20, 20, 48,
139, 98, 12, 16, 32,
151, 98, 192, 220, 232,
80, 99, 148, 192, 204,
92, 99, 128, 192, 244,
104, 99, 76, 128, 208,
116, 99, 240, 252, 252,
128, 99, 20, 24, 52,
142, 99, 12, 16, 32,
154, 99, 20, 20, 48,
84, 100, 96, 156, 200,
96, 100, 184, 236, 252,
108, 100, 128, 204, 228,
120, 100, 220, 252, 252,
132, 100, 20, 24, 44,
147, 100, 248, 248, 252,
76, 101, 20, 20, 40,
88, 101, 8, 40, 92,
100, 101, 220, 252, 252,
112, 101, 128, 184, 204,
124, 101, 8, 40, 92,
136, 101, 12, 16, 32,
149, 101, 24, 24, 56,
79, 102, 20, 24, 44,
91, 102, 128, 184, 204,
103, 102, 124, 168, 228,
115, 102, 148, 192, 204,
127, 102, 24, 32, 76,
139, 102, 12, 32, 52,
152, 102, 12, 20, 40,
83, 103, 24, 24, 56,
95, 103, 176, 220, 248,
107, 103, 108, 180, 244,
119, 103, 236, 244, 244,
131, 103, 20, 28, 60,
143, 103, 192, 220, 232,
157, 103, 12, 20, 32,
88, 104, 148, 192, 204,
100, 104, 220, 252, 252,
112, 104, 128, 180, 244,
124, 104, 248, 248, 252,
136, 104, 192, 220, 232,
152, 104, 12, 16, 36,
83, 105, 24, 24, 56,
95, 105, 176, 232, 248,
107, 105, 104, 156, 240,
119, 105, 184, 236, 252,
131, 105, 236, 252, 252,
143, 105, 12, 16, 32,
80, 106, 16, 28, 32,
92, 106, 148, 212, 248,
104, 106, 164, 152, 184,
116, 106, 144, 204, 236,
128, 106, 108, 124, 140,
150, 106, 20, 20, 36,
87, 107, 4, 24, 60,
99, 107, 224, 252, 248,
111, 107, 92, 168, 240,
123, 107, 8, 28, 92,
137, 107, 16, 20, 40,
157, 107, 96, 152, 172,
91, 108, 128, 204, 228,
103, 108, 240, 252, 252,
115, 108, 92, 168, 240,
127, 108, 20, 28, 60,
141, 108, 20, 16, 32,
86, 109, 20, 24, 60,
98, 109, 220, 252, 252,
110, 109, 92, 168, 240,
122, 109, 24, 24, 92,
134, 109, 20, 24, 44,
84, 110, 20, 24, 48,
96, 110, 200, 248, 252,
108, 110, 76, 128, 208,
120, 110, 96, 152, 172,
132, 110, 20, 24, 52,
84, 111, 20, 20, 40,
96, 111, 200, 248, 252,
108, 111, 76, 112, 200,
120, 111, 72, 116, 148,
132, 111, 20, 20, 48,
84, 112, 20, 24, 44,
96, 112, 200, 248, 252,
108, 112, 52, 124, 204,
120, 112, 24, 60, 112,
132, 112, 20, 24, 48,
84, 113, 16, 20, 36,
96, 113, 200, 240, 252,
108, 113, 44, 92, 192,
120, 113, 56, 104, 140,
132, 113, 24, 24, 56,
85, 114, 20, 20, 40,
97, 114, 212, 252, 252,
109, 114, 76, 112, 200,
121, 114, 236, 252, 252,
133, 114, 12, 24, 60,
85, 115, 16, 20, 36,
97, 115, 212, 252, 252,
109, 115, 76, 112, 200,
121, 115, 240, 252, 252,
133, 115, 12, 28, 64,
85, 116, 16, 20, 36,
97, 116, 212, 252, 252,
109, 116, 76, 112, 200,
121, 116, 176, 220, 228,
133, 116, 20, 40, 60,
87, 117, 16, 20, 36,
99, 117, 228, 252, 252,
111, 117, 104, 156, 240,
123, 117, 124, 168, 228,
135, 117, 16, 20, 36,
91, 118, 56, 84, 168,
103, 118, 240, 252, 252,
115, 118, 164, 228, 248,
127, 118, 236, 244, 244,
159, 118, 128, 184, 204,
94, 119, 72, 116, 148,
106, 119, 36, 52, 136,
118, 119, 28, 76, 140,
130, 119, 80, 104, 172,
160, 119, 160, 220, 232,
95, 120, 120, 156, 200,
107, 120, 28, 76, 140,
119, 120, 96, 156, 200,
131, 120, 52, 76, 140,
161, 120, 36, 60, 88,
97, 121, 212, 252, 252,
109, 121, 80, 104, 172,
121, 121, 228, 252, 252,
133, 121, 12, 24, 48,
90, 122, 48, 48, 112,
102, 122, 248, 248, 244,
114, 122, 124, 168, 228,
126, 122, 96, 88, 124,
138, 122, 12, 16, 32,
95, 123, 12, 24, 60,
107, 123, 24, 60, 112,
119, 123, 44, 92, 192,
131, 123, 20, 24, 60,
88, 124, 20, 24, 36,
100, 124, 232, 252, 252,
112, 124, 128, 192, 244,
124, 124, 224, 252, 248,
136, 124, 16, 16, 36,
94, 125, 32, 16, 56,
106, 125, 236, 252, 252,
118, 125, 92, 156, 220,
130, 125, 24, 32, 76,
91, 126, 128, 204, 248,
103, 126, 244, 248, 248,
115, 126, 92, 168, 240,
127, 126, 12, 28, 76,
161, 126, 52, 92, 112,
97, 127, 20, 24, 48,
109, 127, 24, 40, 112,
121, 127, 92, 156, 220,
133, 127, 16, 20, 36,
94, 128, 20, 24, 44,
106, 128, 120, 152, 168,
118, 128, 184, 236, 252,
130, 128, 20, 24, 44,
93, 129, 20, 24, 48,
105, 129, 20, 28, 60,
117, 129, 176, 232, 248,
129, 129, 20, 24, 44,
92, 130, 96, 152, 172,
104, 130, 20, 28, 60,
116, 130, 176, 232, 248,
128, 130, 20, 24, 44,
91, 131, 76, 128, 208,
103, 131, 20, 20, 44,
115, 131, 144, 204, 236,
127, 131, 20, 24, 44,
91, 132, 80, 128, 172,
103, 132, 20, 20, 48,
115, 132, 148, 212, 248,
127, 132, 20, 24, 52,
163, 132, 16, 16, 28,
101, 133, 20, 24, 32,
113, 133, 124, 168, 228,
125, 133, 20, 24, 52,
159, 133, 208, 252, 252,
98, 134, 20, 24, 44,
110, 134, 36, 52, 136,
122, 134, 48, 48, 112,
157, 134, 4, 24, 36,
94, 135, 4, 28, 64,
107, 135, 220, 252, 252,
119, 135, 220, 252, 252,
154, 135, 20, 20, 40,
93, 136, 128, 184, 224,
105, 136, 36, 60, 88,
117, 136, 208, 252, 252,
129, 136, 12, 20, 32,
162, 136, 20, 24, 32,
102, 137, 12, 24, 60,
114, 137, 144, 204, 236,
126, 137, 20, 24, 48,
164, 137, 20, 20, 36,
104, 138, 120, 156, 200,
116, 138, 184, 236, 240,
128, 138, 16, 16, 36,
163, 138, 24, 24, 36,
98, 139, 20, 16, 32,
111, 139, 36, 56, 156,
123, 139, 20, 20, 48,
153, 139, 24, 24, 36,
166, 139, 20, 20, 44,
100, 140, 20, 24, 52,
112, 140, 76, 128, 208,
124, 140, 20, 24, 48,
156, 140, 120, 152, 168,
168, 140, 20, 24, 32,
99, 141, 20, 24, 44,
111, 141, 76, 128, 208,
123, 141, 24, 24, 56,
157, 141, 144, 176, 236,
169, 141, 20, 24, 44,
102, 142, 200, 240, 252,
114, 142, 172, 244, 248,
147, 142, 16, 20, 36,
159, 142, 44, 92, 192,
171, 142, 24, 20, 36,
103, 143, 108, 120, 172,
115, 143, 200, 248, 252,
127, 143, 16, 20, 32,
158, 143, 104, 156, 240,
170, 143, 24, 24, 56,
101, 144, 228, 252, 252,
113, 144, 164, 216, 248,
125, 144, 16, 20, 40,
154, 144, 52, 124, 204,
166, 144, 68, 156, 228,
97, 145, 8, 56, 92,
109, 145, 44, 92, 192,
121, 145, 24, 24, 36,
151, 145, 28, 76, 140,
163, 145, 108, 204, 232,
96, 146, 36, 60, 88,
108, 146, 36, 56, 156,
120, 146, 20, 24, 60,
148, 146, 24, 24, 92,
160, 146, 152, 244, 248,
172, 146, 24, 40, 112,
102, 147, 12, 20, 52,
114, 147, 200, 248, 252,
126, 147, 16, 20, 36,
154, 147, 92, 156, 220,
166, 147, 108, 180, 220,
97, 148, 28, 76, 140,
109, 148, 76, 128, 208,
121, 148, 20, 24, 52,
147, 148, 8, 16, 92,
159, 148, 192, 248, 248,
171, 148, 36, 56, 156,
101, 149, 4, 28, 64,
113, 149, 164, 228, 248,
125, 149, 20, 24, 44,
151, 149, 92, 156, 220,
163, 149, 208, 252, 252,
175, 149, 20, 28, 60,
105, 150, 20, 20, 36,
117, 150, 228, 252, 252,
144, 150, 20, 24, 52,
156, 150, 192, 248, 248,
168, 150, 184, 236, 252,
100, 151, 148, 192, 204,
112, 151, 128, 184, 224,
124, 151, 20, 24, 44,
149, 151, 76, 128, 208,
161, 151, 220, 252, 252,
173, 151, 44, 116, 168,
103, 152, 52, 92, 112,
116, 152, 108, 124, 140,
128, 152, 20, 20, 36,
151, 152, 72, 116, 148,
163, 152, 228, 252, 252,
175, 152, 32, 84, 168,
106, 153, 20, 24, 60,
118, 153, 244, 248, 248,
141, 153, 12, 20, 32,
153, 153, 184, 236, 252,
165, 153, 232, 252, 252,
177, 153, 24, 24, 92,
109, 154, 12, 12, 60,
121, 154, 220, 220, 236,
146, 154, 52, 124, 204,
158, 154, 212, 252, 252,
170, 154, 164, 216, 248,
103, 155, 72, 96, 112,
115, 155, 248, 248, 252,
127, 155, 20, 20, 40,
149, 155, 128, 204, 248,
161, 155, 220, 252, 252,
173, 155, 148, 212, 248,
107, 156, 128, 184, 204,
119, 156, 248, 248, 244,
140, 156, 20, 24, 52,
152, 156, 72, 96, 112,
164, 156, 236, 252, 252,
176, 156, 36, 56, 156,
110, 157, 12, 28, 64,
122, 157, 244, 248, 248,
141, 157, 24, 16, 76,
153, 157, 20, 40, 60,
165, 157, 108, 124, 140,
177, 157, 32, 84, 168,
112, 158, 20, 40, 60,
124, 158, 120, 152, 168,
139, 158, 20, 32, 44,
151, 158, 96, 88, 124,
163, 158, 120, 152, 168,
175, 158, 76, 128, 208,
112, 159, 128, 184, 204,
124, 159, 248, 248, 252,
140, 159, 148, 192, 204,
152, 159, 36, 40, 60,
164, 159, 72, 96, 112,
176, 159, 32, 84, 168,
110, 160, 96, 152, 172,
123, 160, 176, 192, 204,
139, 160, 248, 248, 252,
151, 160, 108, 124, 140,
163, 160, 220, 220, 236,
175, 160, 8, 68, 136,
112, 161, 120, 152, 168,
124, 161, 24, 60, 112,
137, 161, 228, 252, 252,
149, 161, 184, 236, 252,
161, 161, 176, 220, 228,
173, 161, 148, 224, 248,
112, 162, 20, 28, 60,
124, 162, 32, 84, 108,
136, 162, 180, 192, 236,
148, 162, 128, 204, 228,
160, 162, 224, 252, 248,
172, 162, 148, 212, 248,
114, 163, 12, 32, 52,
126, 163, 176, 220, 248,
138, 163, 12, 20, 48,
150, 163, 128, 184, 204,
162, 163, 128, 184, 224,
174, 163, 92, 168, 240,
115, 164, 16, 28, 32,
127, 164, 148, 192, 204,
139, 164, 12, 24, 48,
151, 164, 192, 248, 248,
163, 164, 216, 252, 252,
175, 164, 28, 76, 140,
121, 165, 20, 24, 52,
133, 165, 20, 24, 48,
146, 165, 76, 112, 200,
158, 165, 24, 44, 84,
170, 165, 148, 224, 248,
118, 166, 20, 16, 32,
130, 166, 24, 24, 36,
146, 166, 56, 84, 168,
158, 166, 144, 176, 236,
170, 166, 128, 228, 240,
126, 167, 16, 16, 28,
147, 167, 44, 92, 192,
159, 167, 52, 76, 108,
171, 167, 84, 196, 244,
141, 168, 16, 20, 40,
153, 168, 148, 224, 248,
165, 168, 192, 248, 248,
177, 168, 20, 16, 60,
150, 169, 108, 180, 244,
162, 169, 108, 180, 220,
174, 169, 24, 40, 112,
147, 170, 24, 40, 112,
159, 170, 76, 128, 208,
171, 170, 32, 84, 168,
145, 171, 24, 16, 76,
157, 171, 52, 124, 204,
169, 171, 44, 92, 192,
143, 172, 24, 24, 56,
155, 172, 92, 156, 220,
167, 172, 32, 84, 168,
144, 173, 20, 20, 48,
156, 173, 92, 168, 240,
168, 173, 36, 52, 136,
145, 174, 20, 24, 52,
157, 174, 8, 68, 136,
169, 174, 24, 40, 112,
147, 175, 24, 24, 56,
159, 175, 8, 40, 92,
171, 175, 24, 16, 76,
151, 176, 24, 24, 92,
163, 176, 24, 40, 112,
175, 176, 16, 20, 36,
157, 177, 24, 24, 92,
169, 177, 24, 32, 76,
152, 178, 12, 24, 56,
164, 178, 24, 24, 92,
149, 179, 20, 20, 44,
161, 179, 24, 24, 92,
173, 179, 12, 16, 32,
160, 180, 12, 24, 60,
150, 181, 20, 20, 36,
162, 181, 20, 24, 60,
157, 182, 20, 24, 44,
164, 183, 12, 16, 36,
