45, 24, 0, 28, 40,
86, 24, 36, 140, 184,
127, 24, 76, 200, 224,
168, 24, 40, 124, 152,
209, 24, 0, 44, 56,
64, 25, 20, 124, 172,
105, 25, 48, 160, 188,
146, 25, 80, 192, 200,
187, 25, 24, 116, 148,
228, 25, 0, 24, 36,
81, 26, 36, 136, 180,
122, 26, 72, 172, 224,
163, 26, 40, 144, 172,
204, 26, 0, 52, 64,
55, 27, 4, 80, 80,
96, 27, 48, 172, 212,
137, 27, 72, 172, 224,
178, 27, 40, 140, 184,
219, 27, 0, 36, 44,
66, 28, 32, 136, 180,
107, 28, 48, 168, 204,
148, 28, 72, 172, 224,
189, 28, 32, 96, 108,
230, 28, 0, 24, 36,
77, 29, 36, 140, 184,
118, 29, 48, 168, 204,
159, 29, 56, 180, 224,
200, 29, 12, 92, 108,
44, 30, 0, 40, 52,
85, 30, 36, 148, 192,
126, 30, 92, 204, 232,
167, 30, 80, 192, 200,
208, 30, 0, 60, 68,
54, 31, 36, 148, 192,
95, 31, 48, 160, 188,
136, 31, 108, 208, 232,
177, 31, 92, 204, 232,
218, 31, 0, 40, 52,
60, 32, 32, 136, 180,
101, 32, 48, 172, 212,
142, 32, 108, 208, 232,
183, 32, 68, 160, 208,
224, 32, 0, 40, 52,
66, 33, 32, 136, 188,
107, 33, 48, 168, 204,
148, 33, 124, 216, 220,
189, 33, 48, 168, 204,
230, 33, 0, 32, 44,
68, 34, 36, 144, 192,
109, 34, 48, 172, 212,
150, 34, 128, 224, 240,
191, 34, 60, 188, 224,
232, 34, 0, 32, 44,
69, 35, 36, 144, 192,
110, 35, 48, 160, 204,
151, 35, 124, 216, 220,
192, 35, 56, 168, 224,
233, 35, 0, 32, 44,
68, 36, 36, 144, 192,
109, 36, 48, 160, 204,
150, 36, 128, 224, 240,
191, 36, 92, 204, 232,
232, 36, 0, 32, 44,
66, 37, 32, 136, 188,
107, 37, 48, 172, 212,
148, 37, 128, 224, 240,
189, 37, 76, 200, 224,
230, 37, 0, 40, 52,
63, 38, 28, 144, 184,
104, 38, 48, 160, 204,
145, 38, 124, 216, 220,
186, 38, 124, 216, 220,
227, 38, 0, 48, 56,
60, 39, 24, 136, 196,
101, 39, 48, 172, 220,
142, 39, 128, 224, 240,
183, 39, 124, 216, 220,
224, 39, 0, 52, 64,
54, 40, 40, 156, 208,
95, 40, 48, 172, 212,
136, 40, 128, 224, 240,
177, 40, 188, 236, 236,
218, 40, 4, 88, 96,
47, 41, 40, 144, 172,
88, 41, 40, 156, 208,
129, 41, 112, 220, 248,
170, 41, 152, 248, 244,
211, 41, 20, 116, 128,
38, 42, 0, 68, 68,
79, 42, 60, 188, 224,
120, 42, 108, 212, 244,
161, 42, 140, 236, 244,
202, 42, 60, 188, 224,
25, 43, 0, 20, 40,
67, 43, 48, 172, 220,
108, 43, 92, 216, 244,
149, 43, 140, 244, 244,
190, 43, 76, 200, 224,
231, 43, 0, 44, 56,
53, 44, 24, 128, 184,
94, 44, 76, 200, 224,
135, 44, 140, 224, 236,
176, 44, 152, 228, 232,
217, 44, 36, 124, 172,
39, 45, 4, 76, 96,
80, 45, 40, 156, 208,
121, 45, 108, 212, 244,
162, 45, 128, 224, 248,
203, 45, 48, 172, 212,
244, 45, 0, 24, 36,
65, 46, 44, 172, 220,
106, 46, 80, 204, 244,
147, 46, 128, 224, 240,
188, 46, 152, 228, 232,
229, 46, 0, 56, 60,
48, 47, 24, 128, 184,
89, 47, 80, 204, 244,
130, 47, 128, 232, 248,
171, 47, 112, 220, 232,
212, 47, 44, 156, 204,
28, 48, 0, 28, 40,
69, 48, 48, 160, 212,
110, 48, 92, 204, 232,
151, 48, 140, 236, 244,
192, 48, 140, 224, 236,
233, 48, 0, 48, 56,
45, 49, 36, 148, 192,
86, 49, 72, 204, 236,
127, 49, 108, 220, 248,
168, 49, 124, 232, 236,
209, 49, 48, 160, 204,
23, 50, 0, 20, 40,
64, 50, 40, 156, 208,
105, 50, 88, 212, 244,
146, 50, 128, 224, 240,
187, 50, 140, 236, 244,
228, 50, 4, 80, 80,
42, 51, 48, 172, 220,
83, 51, 60, 188, 224,
124, 51, 96, 220, 236,
165, 51, 140, 236, 244,
206, 51, 72, 172, 224,
247, 51, 0, 20, 40,
55, 52, 36, 148, 192,
96, 52, 88, 212, 244,
137, 52, 112, 220, 232,
178, 52, 128, 224, 240,
219, 52, 60, 196, 224,
26, 53, 0, 36, 44,
67, 53, 48, 172, 220,
108, 53, 92, 216, 244,
149, 53, 140, 236, 244,
190, 53, 112, 228, 236,
231, 53, 0, 60, 84,
37, 54, 28, 160, 204,
78, 54, 60, 188, 224,
119, 54, 40, 144, 172,
160, 54, 124, 232, 236,
201, 54, 140, 236, 244,
242, 54, 0, 36, 44,
45, 55, 28, 160, 204,
86, 55, 84, 204, 236,
127, 55, 112, 220, 248,
168, 55, 124, 236, 248,
209, 55, 56, 180, 224,
251, 55, 0, 20, 40,
52, 56, 36, 148, 192,
93, 56, 88, 212, 244,
134, 56, 112, 228, 248,
175, 56, 128, 232, 248,
216, 56, 32, 96, 108,
15, 57, 0, 48, 56,
56, 57, 44, 172, 220,
97, 57, 108, 220, 248,
138, 57, 112, 228, 236,
179, 57, 140, 236, 244,
220, 57, 40, 164, 204,
20, 58, 0, 28, 40,
61, 58, 60, 188, 224,
102, 58, 108, 212, 244,
143, 58, 124, 232, 236,
184, 58, 140, 236, 244,
225, 58, 48, 172, 212,
24, 59, 0, 40, 48,
65, 59, 64, 196, 236,
106, 59, 96, 224, 248,
147, 59, 140, 236, 244,
188, 59, 140, 236, 244,
229, 59, 20, 124, 172,
28, 60, 0, 60, 84,
69, 60, 60, 188, 224,
110, 60, 96, 224, 248,
151, 60, 140, 236, 244,
192, 60, 124, 232, 236,
233, 60, 24, 116, 148,
33, 61, 32, 136, 188,
74, 61, 68, 200, 240,
115, 61, 108, 212, 244,
156, 61, 128, 232, 248,
197, 61, 124, 232, 236,
238, 61, 0, 52, 64,
38, 62, 44, 172, 220,
79, 62, 88, 212, 244,
120, 62, 112, 228, 248,
161, 62, 124, 236, 248,
202, 62, 112, 228, 236,
243, 62, 0, 40, 48,
43, 63, 36, 144, 208,
84, 63, 80, 208, 244,
125, 63, 32, 96, 108,
166, 63, 112, 228, 248,
207, 63, 128, 232, 248,
248, 63, 0, 32, 44,
49, 64, 40, 156, 208,
90, 64, 76, 204, 244,
131, 64, 112, 228, 248,
172, 64, 112, 228, 248,
213, 64, 112, 228, 248,
16, 65, 0, 24, 40,
57, 65, 52, 184, 236,
98, 65, 24, 92, 84,
139, 65, 120, 232, 248,
180, 65, 112, 228, 248,
221, 65, 48, 172, 212,
24, 66, 4, 76, 96,
65, 66, 68, 200, 240,
106, 66, 112, 228, 248,
147, 66, 140, 236, 244,
188, 66, 120, 232, 248,
229, 66, 36, 144, 192,
31, 67, 44, 172, 220,
72, 67, 84, 204, 248,
113, 67, 112, 228, 248,
154, 67, 152, 248, 244,
195, 67, 88, 212, 244,
236, 67, 0, 68, 68,
37, 68, 28, 160, 204,
78, 68, 80, 208, 244,
119, 68, 120, 232, 248,
160, 68, 152, 248, 244,
201, 68, 88, 212, 244,
242, 68, 0, 40, 52,
43, 69, 36, 156, 212,
84, 69, 88, 212, 244,
125, 69, 108, 212, 244,
166, 69, 124, 236, 248,
207, 69, 88, 212, 244,
248, 69, 0, 32, 44,
47, 70, 36, 168, 212,
88, 70, 80, 208, 244,
129, 70, 4, 80, 80,
170, 70, 140, 236, 244,
211, 70, 120, 232, 248,
252, 70, 0, 28, 40,
51, 71, 56, 180, 224,
92, 71, 88, 212, 244,
133, 71, 0, 56, 48,
174, 71, 152, 248, 244,
215, 71, 96, 220, 236,
13, 72, 0, 20, 40,
54, 72, 56, 188, 240,
95, 72, 0, 68, 68,
136, 72, 0, 52, 64,
177, 72, 140, 244, 244,
218, 72, 60, 196, 224,
16, 73, 0, 32, 44,
57, 73, 64, 192, 240,
98, 73, 0, 60, 68,
139, 73, 0, 68, 68,
180, 73, 140, 244, 244,
221, 73, 64, 196, 236,
17, 74, 0, 36, 44,
58, 74, 68, 200, 240,
99, 74, 0, 60, 68,
140, 74, 0, 56, 60,
181, 74, 140, 244, 244,
222, 74, 68, 200, 240,
18, 75, 0, 40, 52,
59, 75, 64, 196, 236,
100, 75, 0, 68, 68,
141, 75, 0, 56, 60,
182, 75, 140, 244, 244,
223, 75, 60, 188, 224,
20, 76, 12, 112, 160,
61, 76, 68, 200, 240,
102, 76, 20, 116, 128,
143, 76, 0, 60, 68,
184, 76, 140, 244, 244,
225, 76, 60, 188, 224,
20, 77, 8, 112, 148,
61, 77, 68, 200, 240,
102, 77, 40, 140, 156,
143, 77, 0, 52, 64,
184, 77, 104, 188, 196,
225, 77, 96, 228, 240,
21, 78, 4, 80, 80,
62, 78, 68, 200, 240,
103, 78, 108, 220, 248,
144, 78, 0, 52, 64,
185, 78, 12, 64, 68,
226, 78, 92, 216, 244,
22, 79, 0, 68, 68,
63, 79, 72, 204, 244,
104, 79, 96, 224, 248,
145, 79, 0, 52, 64,
186, 79, 0, 68, 68,
227, 79, 96, 228, 240,
22, 80, 4, 80, 80,
63, 80, 80, 208, 244,
104, 80, 108, 220, 248,
145, 80, 0, 48, 56,
186, 80, 0, 60, 68,
227, 80, 112, 236, 248,
22, 81, 0, 52, 64,
63, 81, 76, 204, 244,
104, 81, 96, 224, 248,
145, 81, 0, 40, 52,
186, 81, 0, 52, 64,
227, 81, 120, 232, 248,
22, 82, 0, 48, 56,
63, 82, 72, 204, 244,
104, 82, 108, 212, 244,
145, 82, 0, 44, 52,
186, 82, 0, 56, 48,
227, 82, 124, 216, 220,
22, 83, 0, 52, 64,
63, 83, 72, 204, 244,
104, 83, 108, 220, 248,
145, 83, 0, 40, 48,
186, 83, 0, 48, 56,
227, 83, 0, 68, 68,
21, 84, 0, 48, 56,
62, 84, 72, 204, 244,
103, 84, 92, 216, 244,
144, 84, 0, 40, 48,
185, 84, 0, 40, 52,
226, 84, 12, 64, 68,
21, 85, 0, 40, 68,
62, 85, 72, 204, 244,
103, 85, 80, 224, 244,
144, 85, 0, 32, 44,
185, 85, 0, 40, 52,
226, 85, 12, 64, 68,
18, 86, 12, 92, 108,
59, 86, 68, 200, 240,
100, 86, 4, 76, 96,
141, 86, 0, 32, 40,
182, 86, 0, 40, 48,
223, 86, 4, 80, 80,
15, 87, 0, 88, 108,
56, 87, 64, 192, 240,
97, 87, 0, 48, 56,
138, 87, 0, 28, 40,
180, 87, 0, 40, 48,
221, 87, 24, 92, 84,
13, 88, 0, 36, 44,
54, 88, 52, 184, 236,
95, 88, 0, 44, 52,
138, 88, 0, 24, 36,
179, 88, 0, 32, 44,
220, 88, 104, 188, 196,
11, 89, 0, 32, 44,
52, 89, 56, 188, 240,
93, 89, 0, 52, 64,
138, 89, 0, 24, 36,
179, 89, 0, 32, 40,
220, 89, 124, 236, 248,
11, 90, 0, 52, 72,
52, 90, 52, 188, 236,
93, 90, 0, 52, 64,
149, 90, 0, 28, 40,
190, 90, 0, 32, 40,
231, 90, 92, 216, 244,
22, 91, 28, 128, 188,
63, 91, 68, 200, 240,
104, 91, 0, 28, 40,
164, 91, 0, 32, 40,
205, 91, 0, 40, 52,
246, 91, 0, 60, 68,
36, 92, 36, 156, 212,
77, 92, 80, 208, 244,
118, 92, 0, 28, 36,
185, 92, 0, 32, 40,
226, 92, 108, 220, 248,
16, 93, 0, 52, 64,
57, 93, 64, 192, 240,
98, 93, 0, 32, 40,
171, 93, 0, 28, 36,
212, 93, 112, 236, 248,
253, 93, 0, 40, 52,
42, 94, 48, 172, 228,
83, 94, 80, 208, 244,
166, 94, 0, 24, 36,
207, 94, 32, 96, 108,
248, 94, 0, 48, 56,
37, 95, 36, 168, 220,
78, 95, 80, 208, 244,
170, 95, 0, 24, 36,
216, 95, 124, 244, 248,
5, 96, 0, 24, 36,
46, 96, 52, 180, 224,
87, 96, 80, 208, 244,
205, 96, 68, 160, 208,
246, 96, 0, 60, 68,
34, 97, 40, 160, 212,
75, 97, 72, 204, 244,
201, 97, 0, 60, 68,
242, 97, 20, 112, 148,
30, 98, 36, 144, 208,
71, 98, 68, 200, 240,
198, 98, 0, 56, 48,
239, 98, 20, 124, 172,
25, 99, 20, 140, 184,
66, 99, 64, 196, 236,
194, 99, 0, 40, 44,
235, 99, 48, 172, 220,
21, 100, 24, 116, 168,
62, 100, 64, 196, 248,
189, 100, 0, 28, 36,
230, 100, 56, 180, 224,
16, 101, 16, 100, 148,
57, 101, 52, 188, 236,
98, 101, 0, 32, 40,
225, 101, 80, 204, 244,
11, 102, 0, 96, 136,
52, 102, 52, 184, 236,
93, 102, 0, 56, 48,
220, 102, 112, 236, 248,
6, 103, 0, 32, 44,
47, 103, 48, 172, 228,
88, 103, 80, 208, 244,
214, 103, 80, 204, 244,
255, 103, 0, 44, 56,
41, 104, 40, 160, 212,
82, 104, 76, 204, 244,
209, 104, 80, 208, 244,
250, 104, 0, 52, 64,
36, 105, 36, 156, 212,
77, 105, 72, 204, 244,
205, 105, 92, 216, 244,
246, 105, 4, 76, 96,
32, 106, 28, 148, 212,
73, 106, 68, 200, 240,
202, 106, 92, 216, 244,
243, 106, 28, 136, 172,
29, 107, 24, 140, 208,
70, 107, 68, 200, 240,
198, 107, 88, 212, 244,
239, 107, 48, 160, 204,
25, 108, 20, 140, 184,
66, 108, 68, 200, 240,
194, 108, 96, 228, 240,
235, 108, 40, 144, 192,
22, 109, 24, 128, 184,
63, 109, 64, 192, 240,
190, 109, 0, 52, 64,
231, 109, 60, 188, 224,
17, 110, 20, 116, 172,
58, 110, 56, 188, 240,
185, 110, 0, 32, 32,
226, 110, 80, 224, 244,
12, 111, 8, 104, 128,
53, 111, 48, 172, 228,
94, 111, 0, 40, 48,
219, 111, 64, 196, 248,
5, 112, 0, 40, 52,
46, 112, 36, 168, 220,
87, 112, 68, 200, 240,
212, 112, 64, 192, 240,
253, 112, 0, 48, 56,
39, 113, 32, 160, 224,
80, 113, 68, 200, 240,
207, 113, 68, 204, 248,
248, 113, 0, 60, 84,
34, 114, 40, 160, 212,
75, 114, 64, 192, 240,
201, 114, 92, 216, 244,
242, 114, 24, 116, 148,
28, 115, 24, 140, 208,
69, 115, 64, 192, 240,
195, 115, 96, 224, 248,
236, 115, 24, 120, 156,
22, 116, 24, 128, 184,
63, 116, 52, 184, 236,
189, 116, 92, 216, 244,
230, 116, 88, 212, 244,
16, 117, 20, 112, 148,
57, 117, 48, 172, 228,
182, 117, 0, 32, 40,
223, 117, 52, 184, 236,
9, 118, 4, 76, 96,
50, 118, 36, 168, 220,
91, 118, 0, 40, 48,
217, 118, 52, 184, 236,
3, 119, 12, 92, 108,
44, 119, 40, 160, 212,
85, 119, 64, 196, 248,
211, 119, 64, 192, 240,
252, 119, 0, 52, 64,
38, 120, 40, 160, 212,
79, 120, 64, 192, 240,
205, 120, 64, 196, 236,
246, 120, 56, 168, 224,
32, 121, 36, 144, 208,
73, 121, 64, 184, 240,
199, 121, 76, 212, 244,
240, 121, 44, 176, 236,
26, 122, 24, 140, 208,
67, 122, 52, 180, 224,
194, 122, 80, 208, 244,
235, 122, 56, 188, 240,
21, 123, 28, 128, 188,
62, 123, 48, 172, 228,
188, 123, 64, 196, 248,
229, 123, 52, 188, 236,
16, 124, 24, 104, 148,
57, 124, 44, 172, 220,
183, 124, 0, 48, 56,
224, 124, 48, 172, 228,
10, 125, 4, 76, 96,
51, 125, 48, 172, 228,
92, 125, 0, 24, 36,
219, 125, 52, 180, 224,
5, 126, 4, 76, 96,
46, 126, 40, 160, 212,
87, 126, 0, 40, 44,
216, 126, 48, 180, 224,
2, 127, 0, 24, 40,
43, 127, 40, 160, 212,
84, 127, 0, 48, 56,
211, 127, 52, 188, 236,
252, 127, 32, 116, 148,
38, 128, 28, 148, 212,
79, 128, 44, 176, 236,
207, 128, 56, 188, 240,
248, 128, 36, 148, 192,
34, 129, 36, 144, 208,
75, 129, 56, 180, 224,
203, 129, 64, 192, 240,
244, 129, 48, 172, 220,
30, 130, 32, 136, 188,
71, 130, 56, 180, 224,
200, 130, 76, 204, 244,
241, 130, 64, 184, 240,
27, 131, 32, 136, 188,
68, 131, 48, 172, 228,
197, 131, 64, 192, 240,
238, 131, 44, 172, 220,
24, 132, 16, 128, 184,
65, 132, 48, 172, 220,
193, 132, 68, 200, 240,
234, 132, 44, 172, 220,
20, 133, 12, 112, 160,
61, 133, 44, 172, 220,
192, 133, 68, 200, 240,
233, 133, 48, 172, 220,
19, 134, 24, 116, 156,
60, 134, 36, 168, 220,
190, 134, 68, 188, 240,
231, 134, 48, 172, 228,
17, 135, 8, 100, 148,
58, 135, 44, 172, 220,
188, 135, 64, 192, 240,
229, 135, 48, 172, 220,
15, 136, 0, 96, 136,
56, 136, 36, 168, 220,
188, 136, 68, 188, 240,
229, 136, 48, 172, 220,
15, 137, 0, 96, 136,
56, 137, 36, 168, 220,
188, 137, 68, 188, 240,
229, 137, 44, 172, 220,
15, 138, 0, 96, 136,
56, 138, 36, 168, 220,
189, 138, 68, 188, 240,
230, 138, 40, 160, 212,
16, 139, 0, 96, 136,
57, 139, 44, 172, 220,
191, 139, 64, 192, 240,
232, 139, 40, 160, 212,
18, 140, 0, 96, 136,
59, 140, 44, 172, 220,
192, 140, 64, 196, 236,
233, 140, 40, 160, 212,
19, 141, 8, 104, 128,
60, 141, 36, 168, 220,
194, 141, 60, 196, 224,
235, 141, 40, 160, 212,
22, 142, 20, 116, 172,
63, 142, 44, 172, 220,
197, 142, 72, 204, 244,
238, 142, 44, 172, 220,
25, 143, 20, 124, 172,
66, 143, 48, 172, 220,
201, 143, 56, 180, 224,
242, 143, 44, 172, 220,
28, 144, 24, 128, 184,
69, 144, 56, 168, 224,
204, 144, 76, 204, 244,
245, 144, 32, 160, 192,
31, 145, 24, 128, 184,
72, 145, 36, 124, 172,
208, 145, 64, 192, 240,
249, 145, 56, 180, 224,
35, 146, 24, 128, 184,
76, 146, 0, 28, 36,
214, 146, 64, 184, 240,
255, 146, 4, 76, 96,
41, 147, 28, 128, 188,
178, 147, 0, 60, 68,
219, 147, 48, 172, 220,
7, 148, 0, 88, 108,
48, 148, 36, 144, 208,
186, 148, 56, 180, 224,
227, 148, 44, 172, 220,
14, 149, 0, 96, 136,
55, 149, 40, 156, 208,
192, 149, 52, 180, 224,
233, 149, 56, 180, 224,
20, 150, 8, 100, 148,
61, 150, 36, 144, 208,
198, 150, 68, 200, 240,
239, 150, 48, 172, 220,
25, 151, 12, 112, 160,
66, 151, 44, 144, 200,
202, 151, 64, 196, 236,
243, 151, 48, 172, 228,
30, 152, 24, 116, 168,
71, 152, 0, 40, 48,
206, 152, 68, 188, 240,
247, 152, 48, 172, 220,
34, 153, 20, 116, 172,
75, 153, 0, 28, 40,
210, 153, 48, 172, 220,
251, 153, 32, 136, 180,
38, 154, 24, 128, 184,
174, 154, 0, 56, 60,
215, 154, 48, 172, 220,
1, 155, 0, 40, 48,
42, 155, 28, 128, 188,
176, 155, 40, 156, 208,
217, 155, 40, 156, 208,
3, 156, 0, 24, 36,
44, 156, 24, 128, 184,
178, 156, 44, 156, 204,
219, 156, 40, 160, 212,
5, 157, 0, 28, 40,
46, 157, 24, 128, 184,
180, 157, 44, 156, 204,
221, 157, 36, 148, 192,
7, 158, 0, 36, 52,
48, 158, 28, 128, 180,
182, 158, 44, 156, 204,
223, 158, 48, 160, 228,
9, 159, 0, 80, 108,
50, 159, 28, 128, 180,
183, 159, 44, 156, 204,
224, 159, 40, 160, 212,
10, 160, 0, 88, 108,
51, 160, 28, 128, 180,
184, 160, 44, 156, 204,
225, 160, 40, 160, 212,
11, 161, 0, 92, 124,
52, 161, 28, 128, 180,
185, 161, 44, 156, 204,
226, 161, 28, 160, 204,
12, 162, 0, 88, 108,
53, 162, 28, 128, 180,
185, 162, 56, 168, 224,
226, 162, 40, 156, 208,
12, 163, 0, 88, 108,
53, 163, 28, 128, 180,
166, 163, 0, 28, 40,
207, 163, 64, 196, 236,
248, 163, 4, 80, 80,
34, 164, 12, 112, 160,
96, 164, 0, 28, 40,
172, 164, 72, 172, 224,
213, 164, 60, 188, 224,
254, 164, 0, 48, 56,
40, 165, 20, 124, 172,
101, 165, 0, 32, 32,
171, 165, 56, 180, 224,
212, 165, 60, 188, 224,
253, 165, 8, 116, 128,
39, 166, 24, 116, 168,
93, 166, 0, 36, 44,
134, 166, 0, 28, 36,
193, 166, 56, 180, 224,
234, 166, 36, 148, 192,
20, 167, 0, 96, 124,
61, 167, 32, 136, 180,
112, 167, 48, 160, 212,
155, 167, 4, 24, 36,
197, 167, 56, 180, 224,
238, 167, 36, 168, 212,
24, 168, 8, 104, 128,
65, 168, 40, 140, 184,
113, 168, 44, 156, 204,
154, 168, 0, 28, 36,
195, 168, 48, 172, 228,
236, 168, 44, 172, 220,
22, 169, 0, 92, 124,
63, 169, 28, 128, 180,
109, 169, 40, 156, 208,
150, 169, 0, 36, 44,
191, 169, 56, 168, 224,
232, 169, 40, 164, 204,
18, 170, 0, 52, 72,
59, 170, 20, 124, 172,
100, 170, 44, 156, 204,
141, 170, 0, 56, 48,
182, 170, 44, 156, 204,
223, 170, 40, 144, 192,
9, 171, 0, 68, 68,
50, 171, 20, 124, 172,
91, 171, 40, 144, 192,
132, 171, 52, 180, 224,
173, 171, 44, 144, 200,
214, 171, 36, 144, 192,
255, 171, 0, 36, 52,
41, 172, 24, 116, 168,
82, 172, 36, 136, 192,
123, 172, 44, 156, 204,
164, 172, 40, 144, 192,
205, 172, 48, 160, 212,
246, 172, 8, 116, 128,
32, 173, 8, 104, 128,
73, 173, 4, 36, 44,
114, 173, 48, 160, 204,
155, 173, 40, 148, 184,
196, 173, 44, 156, 204,
237, 173, 28, 136, 172,
23, 174, 0, 96, 136,
64, 174, 12, 92, 108,
105, 174, 44, 156, 204,
146, 174, 48, 160, 204,
187, 174, 40, 144, 192,
228, 174, 44, 172, 220,
14, 175, 0, 40, 52,
55, 175, 24, 116, 168,
96, 175, 36, 148, 192,
137, 175, 48, 160, 204,
178, 175, 40, 140, 184,
219, 175, 40, 144, 192,
5, 176, 0, 40, 68,
46, 176, 24, 116, 168,
87, 176, 36, 144, 192,
128, 176, 48, 160, 204,
169, 176, 0, 80, 108,
210, 176, 44, 156, 204,
251, 176, 0, 40, 48,
37, 177, 8, 100, 128,
78, 177, 36, 136, 192,
119, 177, 44, 156, 204,
160, 177, 36, 148, 192,
201, 177, 56, 180, 224,
242, 177, 40, 140, 156,
28, 178, 0, 96, 124,
69, 178, 0, 48, 56,
110, 178, 48, 160, 204,
151, 178, 48, 160, 204,
192, 178, 48, 160, 204,
233, 178, 4, 88, 96,
20, 179, 0, 60, 68,
61, 179, 36, 124, 172,
102, 179, 36, 144, 192,
143, 179, 44, 144, 200,
184, 179, 36, 144, 192,
225, 179, 36, 148, 192,
12, 180, 0, 80, 108,
53, 180, 24, 116, 168,
94, 180, 36, 136, 192,
135, 180, 40, 140, 184,
176, 180, 36, 136, 180,
217, 180, 36, 144, 192,
5, 181, 4, 76, 96,
46, 181, 24, 116, 156,
87, 181, 36, 136, 192,
128, 181, 40, 144, 192,
169, 181, 36, 128, 184,
210, 181, 44, 156, 204,
251, 181, 0, 40, 44,
39, 182, 8, 100, 128,
80, 182, 36, 136, 180,
121, 182, 44, 156, 204,
162, 182, 36, 136, 180,
203, 182, 36, 136, 192,
244, 182, 0, 56, 48,
33, 183, 8, 100, 128,
74, 183, 24, 116, 156,
115, 183, 44, 144, 200,
156, 183, 36, 136, 180,
197, 183, 36, 140, 184,
238, 183, 0, 44, 56,
28, 184, 0, 92, 124,
69, 184, 24, 116, 168,
110, 184, 44, 156, 204,
151, 184, 48, 144, 184,
192, 184, 36, 136, 180,
233, 184, 40, 144, 172,
23, 185, 0, 80, 108,
64, 185, 36, 116, 164,
105, 185, 36, 136, 180,
146, 185, 40, 144, 192,
187, 185, 36, 136, 180,
228, 185, 36, 124, 172,
18, 186, 0, 88, 108,
59, 186, 0, 40, 52,
100, 186, 36, 136, 180,
141, 186, 48, 168, 204,
182, 186, 36, 136, 180,
223, 186, 36, 144, 192,
14, 187, 4, 76, 96,
55, 187, 24, 116, 156,
96, 187, 28, 128, 180,
137, 187, 44, 156, 204,
178, 187, 36, 128, 184,
219, 187, 36, 148, 192,
10, 188, 0, 80, 108,
51, 188, 16, 100, 148,
92, 188, 32, 136, 180,
133, 188, 40, 140, 184,
174, 188, 28, 136, 172,
215, 188, 44, 148, 192,
3, 189, 8, 36, 52,
46, 189, 16, 100, 148,
87, 189, 36, 128, 184,
128, 189, 44, 132, 184,
169, 189, 36, 124, 172,
210, 189, 44, 144, 200,
251, 189, 36, 104, 148,
42, 190, 8, 100, 128,
83, 190, 28, 128, 180,
124, 190, 36, 136, 180,
165, 190, 28, 136, 172,
206, 190, 36, 144, 192,
247, 190, 36, 116, 164,
37, 191, 0, 96, 124,
78, 191, 24, 116, 156,
119, 191, 44, 144, 200,
160, 191, 36, 128, 184,
201, 191, 36, 136, 180,
242, 191, 4, 80, 80,
31, 192, 0, 88, 108,
72, 192, 24, 116, 156,
113, 192, 40, 144, 192,
154, 192, 36, 136, 180,
195, 192, 28, 128, 180,
236, 192, 0, 40, 52,
23, 193, 4, 76, 96,
64, 193, 24, 116, 156,
105, 193, 36, 136, 180,
146, 193, 40, 144, 192,
187, 193, 24, 120, 156,
228, 193, 28, 136, 172,
17, 194, 0, 52, 72,
58, 194, 20, 104, 128,
99, 194, 36, 136, 180,
140, 194, 40, 144, 192,
181, 194, 48, 144, 184,
222, 194, 24, 116, 156,
10, 195, 0, 24, 40,
52, 195, 16, 100, 148,
93, 195, 36, 128, 184,
134, 195, 40, 140, 184,
175, 195, 28, 136, 172,
216, 195, 36, 148, 184,
5, 196, 8, 64, 108,
49, 196, 20, 104, 128,
90, 196, 36, 136, 180,
131, 196, 40, 140, 184,
172, 196, 36, 128, 184,
213, 196, 36, 136, 180,
254, 196, 0, 28, 40,
44, 197, 0, 92, 124,
85, 197, 24, 116, 168,
126, 197, 40, 144, 192,
167, 197, 36, 124, 172,
208, 197, 36, 140, 184,
249, 197, 0, 60, 68,
40, 198, 0, 88, 108,
81, 198, 24, 116, 156,
122, 198, 40, 140, 184,
163, 198, 40, 140, 184,
204, 198, 36, 136, 180,
245, 198, 0, 40, 48,
37, 199, 0, 88, 108,
78, 199, 24, 116, 156,
119, 199, 40, 144, 192,
160, 199, 32, 136, 180,
201, 199, 36, 140, 184,
242, 199, 0, 40, 52,
37, 200, 0, 80, 108,
78, 200, 24, 116, 156,
119, 200, 40, 140, 184,
160, 200, 32, 136, 180,
201, 200, 28, 136, 172,
242, 200, 4, 32, 44,
40, 201, 0, 88, 108,
81, 201, 24, 116, 156,
122, 201, 36, 136, 180,
163, 201, 36, 136, 180,
204, 201, 28, 136, 172,
245, 201, 0, 32, 44,
48, 202, 0, 88, 108,
89, 202, 36, 116, 164,
130, 202, 36, 136, 180,
171, 202, 36, 116, 164,
212, 202, 24, 116, 156,
254, 202, 0, 60, 68,
59, 203, 20, 104, 128,
100, 203, 36, 124, 172,
141, 203, 48, 144, 184,
182, 203, 36, 124, 172,
223, 203, 0, 44, 56,
27, 204, 8, 64, 92,
68, 204, 20, 104, 128,
109, 204, 36, 116, 164,
150, 204, 28, 136, 172,
191, 204, 24, 120, 156,
232, 204, 0, 44, 44,
35, 205, 4, 76, 96,
76, 205, 24, 104, 148,
117, 205, 48, 144, 184,
158, 205, 36, 124, 172,
199, 205, 24, 116, 156,
240, 205, 0, 24, 40,
47, 206, 0, 88, 108,
88, 206, 24, 116, 156,
129, 206, 36, 124, 172,
170, 206, 36, 104, 148,
211, 206, 12, 92, 108,
14, 207, 0, 68, 68,
61, 207, 8, 100, 128,
102, 207, 24, 116, 156,
143, 207, 36, 136, 180,
184, 207, 36, 116, 164,
225, 207, 12, 64, 68,
38, 208, 4, 76, 96,
79, 208, 20, 104, 128,
120, 208, 28, 136, 172,
161, 208, 36, 116, 164,
202, 208, 24, 92, 128,
16, 209, 16, 60, 84,
62, 209, 0, 96, 108,
103, 209, 24, 116, 156,
144, 209, 24, 116, 156,
185, 209, 24, 104, 148,
226, 209, 12, 92, 108,
47, 210, 4, 76, 96,
88, 210, 24, 104, 148,
129, 210, 36, 116, 164,
170, 210, 24, 104, 148,
211, 210, 0, 88, 108,
38, 211, 0, 80, 108,
79, 211, 20, 104, 128,
120, 211, 36, 116, 164,
161, 211, 20, 104, 128,
202, 211, 0, 68, 68,
33, 212, 0, 60, 84,
74, 212, 0, 96, 108,
115, 212, 24, 116, 156,
156, 212, 24, 104, 148,
197, 212, 12, 92, 108,
13, 213, 8, 40, 56,
68, 213, 0, 88, 108,
109, 213, 36, 116, 164,
150, 213, 36, 104, 148,
191, 213, 0, 88, 108,
233, 213, 0, 28, 40,
60, 214, 0, 88, 108,
101, 214, 36, 104, 148,
142, 214, 20, 104, 128,
183, 214, 36, 104, 148,
224, 214, 0, 48, 56,
50, 215, 4, 76, 96,
91, 215, 20, 104, 128,
132, 215, 20, 104, 128,
173, 215, 12, 92, 108,
214, 215, 0, 36, 44,
