54, 92, 176, 176, 176,
59, 92, 156, 156, 156,
64, 92, 188, 188, 188,
55, 93, 252, 252, 252,
60, 93, 252, 252, 252,
65, 93, 224, 224, 224,
93, 93, 224, 224, 224,
98, 93, 220, 220, 220,
103, 93, 220, 220, 220,
128, 93, 220, 220, 220,
133, 93, 220, 220, 220,
138, 93, 192, 192, 192,
156, 93, 220, 220, 220,
161, 93, 244, 244, 244,
177, 93, 220, 220, 220,
182, 93, 220, 220, 220,
187, 93, 220, 220, 220,
192, 93, 220, 220, 220,
51, 94, 248, 248, 248,
56, 94, 252, 252, 252,
61, 94, 252, 252, 252,
66, 94, 252, 252, 252,
71, 94, 184, 184, 184,
95, 94, 252, 252, 252,
100, 94, 252, 252, 252,
105, 94, 28, 28, 28,
130, 94, 252, 252, 252,
135, 94, 252, 252, 252,
153, 94, 252, 252, 252,
158, 94, 252, 252, 252,
174, 94, 252, 252, 252,
179, 94, 252, 252, 252,
184, 94, 252, 252, 252,
189, 94, 252, 252, 252,
194, 94, 252, 252, 252,
46, 95, 128, 128, 128,
51, 95, 252, 252, 252,
56, 95, 252, 252, 252,
61, 95, 252, 252, 252,
66, 95, 252, 252, 252,
71, 95, 252, 252, 252,
93, 95, 252, 252, 252,
98, 95, 252, 252, 252,
103, 95, 252, 252, 252,
128, 95, 252, 252, 252,
133, 95, 252, 252, 252,
138, 95, 252, 252, 252,
155, 95, 252, 252, 252,
160, 95, 252, 252, 252,
176, 95, 252, 252, 252,
181, 95, 252, 252, 252,
186, 95, 252, 252, 252,
191, 95, 252, 252, 252,
196, 95, 248, 248, 248,
44, 96, 80, 80, 80,
49, 96, 252, 252, 252,
54, 96, 252, 252, 252,
59, 96, 252, 252, 252,
64, 96, 252, 252, 252,
69, 96, 252, 252, 252,
91, 96, 104, 104, 104,
96, 96, 252, 252, 252,
101, 96, 252, 252, 252,
126, 96, 252, 252, 252,
131, 96, 252, 252, 252,
136, 96, 252, 252, 252,
152, 96, 156, 156, 156,
157, 96, 252, 252, 252,
173, 96, 220, 220, 220,
178, 96, 252, 252, 252,
183, 96, 252, 252, 252,
188, 96, 252, 252, 252,
193, 96, 252, 252, 252,
198, 96, 252, 252, 252,
43, 97, 60, 60, 60,
48, 97, 252, 252, 252,
53, 97, 252, 252, 252,
58, 97, 252, 252, 252,
63, 97, 252, 252, 252,
68, 97, 252, 252, 252,
73, 97, 252, 252, 252,
95, 97, 252, 252, 252,
100, 97, 252, 252, 252,
105, 97, 252, 252, 252,
130, 97, 252, 252, 252,
135, 97, 252, 252, 252,
140, 97, 252, 252, 252,
155, 97, 252, 252, 252,
160, 97, 252, 252, 252,
176, 97, 252, 252, 252,
181, 97, 252, 252, 252,
186, 97, 252, 252, 252,
191, 97, 252, 252, 252,
196, 97, 252, 252, 252,
201, 97, 252, 252, 252,
44, 98, 252, 252, 252,
49, 98, 252, 252, 252,
54, 98, 252, 252, 252,
59, 98, 252, 252, 252,
64, 98, 252, 252, 252,
69, 98, 252, 252, 252,
90, 98, 28, 28, 28,
95, 98, 252, 252, 252,
100, 98, 252, 252, 252,
105, 98, 252, 252, 252,
129, 98, 252, 252, 252,
134, 98, 252, 252, 252,
139, 98, 252, 252, 252,
154, 98, 252, 252, 252,
159, 98, 252, 252, 252,
175, 98, 252, 252, 252,
180, 98, 252, 252, 252,
185, 98, 252, 252, 252,
190, 98, 252, 252, 252,
195, 98, 252, 252, 252,
200, 98, 252, 252, 252,
42, 99, 252, 252, 252,
47, 99, 252, 252, 252,
52, 99, 252, 252, 252,
57, 99, 156, 156, 156,
62, 99, 156, 156, 156,
67, 99, 252, 252, 252,
72, 99, 252, 252, 252,
93, 99, 252, 252, 252,
98, 99, 252, 252, 252,
103, 99, 252, 252, 252,
126, 99, 252, 252, 252,
131, 99, 252, 252, 252,
136, 99, 252, 252, 252,
141, 99, 252, 252, 252,
155, 99, 252, 252, 252,
160, 99, 252, 252, 252,
176, 99, 252, 252, 252,
181, 99, 252, 252, 252,
186, 99, 252, 252, 252,
191, 99, 252, 252, 252,
196, 99, 252, 252, 252,
201, 99, 252, 252, 252,
41, 100, 128, 128, 128,
46, 100, 252, 252, 252,
51, 100, 248, 248, 248,
63, 100, 20, 20, 20,
68, 100, 252, 252, 252,
73, 100, 252, 252, 252,
94, 100, 252, 252, 252,
99, 100, 252, 252, 252,
104, 100, 252, 252, 252,
127, 100, 252, 252, 252,
132, 100, 252, 252, 252,
137, 100, 252, 252, 252,
142, 100, 236, 236, 236,
156, 100, 252, 252, 252,
161, 100, 252, 252, 252,
177, 100, 252, 252, 252,
182, 100, 252, 252, 252,
187, 100, 252, 252, 252,
192, 100, 248, 248, 248,
197, 100, 252, 252, 252,
202, 100, 252, 252, 252,
41, 101, 220, 220, 220,
46, 101, 252, 252, 252,
51, 101, 252, 252, 252,
69, 101, 252, 252, 252,
90, 101, 252, 252, 252,
95, 101, 252, 252, 252,
100, 101, 252, 252, 252,
105, 101, 252, 252, 252,
128, 101, 252, 252, 252,
133, 101, 252, 252, 252,
138, 101, 252, 252, 252,
143, 101, 132, 132, 132,
156, 101, 252, 252, 252,
161, 101, 252, 252, 252,
177, 101, 252, 252, 252,
182, 101, 252, 252, 252,
188, 101, 28, 28, 28,
193, 101, 252, 252, 252,
198, 101, 252, 252, 252,
203, 101, 252, 252, 252,
40, 102, 176, 176, 176,
45, 102, 252, 252, 252,
50, 102, 252, 252, 252,
73, 102, 252, 252, 252,
93, 102, 252, 252, 252,
98, 102, 252, 252, 252,
103, 102, 252, 252, 252,
108, 102, 104, 104, 104,
130, 102, 252, 252, 252,
135, 102, 252, 252, 252,
140, 102, 252, 252, 252,
153, 102, 252, 252, 252,
158, 102, 252, 252, 252,
174, 102, 252, 252, 252,
179, 102, 252, 252, 252,
194, 102, 248, 248, 248,
199, 102, 252, 252, 252,
204, 102, 252, 252, 252,
41, 103, 252, 252, 252,
46, 103, 252, 252, 252,
51, 103, 156, 156, 156,
90, 103, 252, 252, 252,
95, 103, 252, 252, 252,
100, 103, 252, 252, 252,
105, 103, 252, 252, 252,
127, 103, 252, 252, 252,
132, 103, 252, 252, 252,
137, 103, 252, 252, 252,
142, 103, 252, 252, 252,
154, 103, 252, 252, 252,
159, 103, 252, 252, 252,
175, 103, 252, 252, 252,
180, 103, 252, 252, 252,
196, 103, 236, 236, 236,
201, 103, 252, 252, 252,
206, 103, 252, 252, 252,
42, 104, 252, 252, 252,
47, 104, 252, 252, 252,
72, 104, 48, 48, 48,
91, 104, 252, 252, 252,
96, 104, 252, 252, 252,
102, 104, 252, 252, 252,
107, 104, 252, 252, 252,
129, 104, 252, 252, 252,
134, 104, 252, 252, 252,
139, 104, 252, 252, 252,
144, 104, 252, 252, 252,
156, 104, 252, 252, 252,
161, 104, 252, 252, 252,
177, 104, 252, 252, 252,
182, 104, 252, 252, 252,
199, 104, 252, 252, 252,
204, 104, 252, 252, 252,
40, 105, 156, 156, 156,
45, 105, 252, 252, 252,
50, 105, 252, 252, 252,
90, 105, 252, 252, 252,
95, 105, 252, 252, 252,
101, 105, 252, 252, 252,
106, 105, 252, 252, 252,
127, 105, 252, 252, 252,
132, 105, 252, 252, 252,
137, 105, 252, 252, 252,
142, 105, 252, 252, 252,
153, 105, 252, 252, 252,
158, 105, 252, 252, 252,
174, 105, 252, 252, 252,
179, 105, 252, 252, 252,
197, 105, 244, 244, 244,
202, 105, 252, 252, 252,
207, 105, 252, 252, 252,
43, 106, 252, 252, 252,
48, 106, 252, 252, 252,
53, 106, 60, 60, 60,
91, 106, 252, 252, 252,
96, 106, 252, 252, 252,
103, 106, 252, 252, 252,
108, 106, 252, 252, 252,
129, 106, 252, 252, 252,
134, 106, 252, 252, 252,
139, 106, 252, 252, 252,
144, 106, 252, 252, 252,
155, 106, 252, 252, 252,
160, 106, 252, 252, 252,
176, 106, 252, 252, 252,
181, 106, 252, 252, 252,
200, 106, 252, 252, 252,
205, 106, 252, 252, 252,
40, 107, 176, 176, 176,
45, 107, 252, 252, 252,
50, 107, 252, 252, 252,
55, 107, 64, 64, 64,
90, 107, 252, 252, 252,
95, 107, 252, 252, 252,
101, 107, 252, 252, 252,
106, 107, 252, 252, 252,
127, 107, 252, 252, 252,
132, 107, 252, 252, 252,
137, 107, 252, 252, 252,
142, 107, 252, 252, 252,
147, 107, 28, 28, 28,
156, 107, 252, 252, 252,
161, 107, 252, 252, 252,
177, 107, 252, 252, 252,
182, 107, 252, 252, 252,
201, 107, 252, 252, 252,
206, 107, 252, 252, 252,
41, 108, 236, 236, 236,
46, 108, 252, 252, 252,
51, 108, 252, 252, 252,
56, 108, 252, 252, 252,
87, 108, 216, 216, 216,
92, 108, 252, 252, 252,
99, 108, 20, 20, 20,
104, 108, 252, 252, 252,
109, 108, 252, 252, 252,
129, 108, 252, 252, 252,
134, 108, 252, 252, 252,
140, 108, 252, 252, 252,
145, 108, 252, 252, 252,
154, 108, 252, 252, 252,
159, 108, 252, 252, 252,
175, 108, 252, 252, 252,
180, 108, 252, 252, 252,
200, 108, 252, 252, 252,
205, 108, 252, 252, 252,
41, 109, 220, 220, 220,
46, 109, 252, 252, 252,
51, 109, 252, 252, 252,
56, 109, 252, 252, 252,
61, 109, 224, 224, 224,
87, 109, 252, 252, 252,
92, 109, 252, 252, 252,
100, 109, 156, 156, 156,
105, 109, 252, 252, 252,
110, 109, 224, 224, 224,
130, 109, 252, 252, 252,
135, 109, 156, 156, 156,
142, 109, 252, 252, 252,
147, 109, 252, 252, 252,
155, 109, 252, 252, 252,
160, 109, 252, 252, 252,
176, 109, 252, 252, 252,
181, 109, 252, 252, 252,
200, 109, 252, 252, 252,
205, 109, 252, 252, 252,
210, 109, 192, 192, 192,
45, 110, 252, 252, 252,
50, 110, 252, 252, 252,
55, 110, 252, 252, 252,
60, 110, 252, 252, 252,
65, 110, 252, 252, 252,
88, 110, 252, 252, 252,
93, 110, 252, 252, 252,
101, 110, 252, 252, 252,
106, 110, 252, 252, 252,
126, 110, 252, 252, 252,
131, 110, 252, 252, 252,
138, 110, 248, 248, 248,
143, 110, 252, 252, 252,
148, 110, 120, 120, 120,
156, 110, 252, 252, 252,
161, 110, 252, 252, 252,
177, 110, 252, 252, 252,
182, 110, 252, 252, 252,
202, 110, 252, 252, 252,
207, 110, 252, 252, 252,
43, 111, 248, 248, 248,
48, 111, 252, 252, 252,
53, 111, 252, 252, 252,
58, 111, 252, 252, 252,
63, 111, 252, 252, 252,
68, 111, 252, 252, 252,
88, 111, 252, 252, 252,
93, 111, 252, 252, 252,
103, 111, 252, 252, 252,
108, 111, 252, 252, 252,
127, 111, 252, 252, 252,
132, 111, 252, 252, 252,
140, 111, 252, 252, 252,
145, 111, 252, 252, 252,
152, 111, 156, 156, 156,
157, 111, 252, 252, 252,
173, 111, 220, 220, 220,
178, 111, 252, 252, 252,
183, 111, 156, 156, 156,
203, 111, 252, 252, 252,
208, 111, 252, 252, 252,
44, 112, 248, 248, 248,
49, 112, 252, 252, 252,
54, 112, 252, 252, 252,
59, 112, 252, 252, 252,
64, 112, 252, 252, 252,
69, 112, 252, 252, 252,
88, 112, 252, 252, 252,
93, 112, 252, 252, 252,
103, 112, 252, 252, 252,
108, 112, 252, 252, 252,
127, 112, 252, 252, 252,
132, 112, 252, 252, 252,
140, 112, 252, 252, 252,
145, 112, 252, 252, 252,
152, 112, 156, 156, 156,
157, 112, 252, 252, 252,
173, 112, 220, 220, 220,
178, 112, 252, 252, 252,
183, 112, 156, 156, 156,
203, 112, 252, 252, 252,
208, 112, 252, 252, 252,
45, 113, 252, 252, 252,
50, 113, 252, 252, 252,
55, 113, 252, 252, 252,
60, 113, 252, 252, 252,
65, 113, 252, 252, 252,
70, 113, 252, 252, 252,
87, 113, 252, 252, 252,
92, 113, 252, 252, 252,
104, 113, 252, 252, 252,
109, 113, 252, 252, 252,
127, 113, 252, 252, 252,
132, 113, 252, 252, 252,
141, 113, 252, 252, 252,
146, 113, 252, 252, 252,
152, 113, 156, 156, 156,
157, 113, 252, 252, 252,
173, 113, 220, 220, 220,
178, 113, 252, 252, 252,
183, 113, 156, 156, 156,
203, 113, 252, 252, 252,
208, 113, 252, 252, 252,
46, 114, 252, 252, 252,
51, 114, 252, 252, 252,
56, 114, 252, 252, 252,
61, 114, 252, 252, 252,
66, 114, 252, 252, 252,
71, 114, 252, 252, 252,
87, 114, 252, 252, 252,
92, 114, 252, 252, 252,
104, 114, 252, 252, 252,
109, 114, 252, 252, 252,
127, 114, 252, 252, 252,
132, 114, 252, 252, 252,
141, 114, 252, 252, 252,
146, 114, 252, 252, 252,
152, 114, 152, 152, 152,
157, 114, 252, 252, 252,
173, 114, 220, 220, 220,
178, 114, 252, 252, 252,
183, 114, 156, 156, 156,
203, 114, 252, 252, 252,
208, 114, 252, 252, 252,
48, 115, 252, 252, 252,
53, 115, 252, 252, 252,
58, 115, 252, 252, 252,
63, 115, 252, 252, 252,
68, 115, 252, 252, 252,
73, 115, 252, 252, 252,
87, 115, 252, 252, 252,
92, 115, 252, 252, 252,
104, 115, 252, 252, 252,
109, 115, 252, 252, 252,
127, 115, 252, 252, 252,
132, 115, 252, 252, 252,
142, 115, 252, 252, 252,
147, 115, 252, 252, 252,
152, 115, 176, 176, 176,
157, 115, 252, 252, 252,
173, 115, 220, 220, 220,
178, 115, 252, 252, 252,
183, 115, 156, 156, 156,
203, 115, 252, 252, 252,
208, 115, 252, 252, 252,
49, 116, 252, 252, 252,
54, 116, 252, 252, 252,
59, 116, 252, 252, 252,
64, 116, 252, 252, 252,
69, 116, 252, 252, 252,
74, 116, 244, 244, 244,
88, 116, 252, 252, 252,
93, 116, 252, 252, 252,
107, 116, 252, 252, 252,
112, 116, 252, 252, 252,
130, 116, 252, 252, 252,
135, 116, 156, 156, 156,
145, 116, 252, 252, 252,
150, 116, 252, 252, 252,
155, 116, 252, 252, 252,
160, 116, 252, 252, 252,
176, 116, 252, 252, 252,
181, 116, 252, 252, 252,
201, 116, 252, 252, 252,
206, 116, 252, 252, 252,
49, 117, 24, 24, 24,
55, 117, 252, 252, 252,
60, 117, 252, 252, 252,
65, 117, 252, 252, 252,
70, 117, 252, 252, 252,
83, 117, 80, 80, 80,
88, 117, 252, 252, 252,
93, 117, 252, 252, 252,
107, 117, 252, 252, 252,
112, 117, 252, 252, 252,
129, 117, 252, 252, 252,
134, 117, 252, 252, 252,
145, 117, 252, 252, 252,
150, 117, 252, 252, 252,
155, 117, 252, 252, 252,
160, 117, 252, 252, 252,
176, 117, 252, 252, 252,
181, 117, 252, 252, 252,
201, 117, 252, 252, 252,
206, 117, 252, 252, 252,
55, 118, 68, 68, 68,
60, 118, 252, 252, 252,
65, 118, 252, 252, 252,
70, 118, 252, 252, 252,
75, 118, 176, 176, 176,
87, 118, 252, 252, 252,
92, 118, 252, 252, 252,
97, 118, 252, 252, 252,
102, 118, 252, 252, 252,
107, 118, 252, 252, 252,
112, 118, 252, 252, 252,
129, 118, 252, 252, 252,
134, 118, 252, 252, 252,
146, 118, 252, 252, 252,
151, 118, 252, 252, 252,
156, 118, 252, 252, 252,
161, 118, 252, 252, 252,
177, 118, 252, 252, 252,
182, 118, 252, 252, 252,
201, 118, 252, 252, 252,
206, 118, 252, 252, 252,
60, 119, 176, 176, 176,
65, 119, 252, 252, 252,
70, 119, 252, 252, 252,
75, 119, 156, 156, 156,
87, 119, 252, 252, 252,
92, 119, 252, 252, 252,
97, 119, 252, 252, 252,
102, 119, 252, 252, 252,
107, 119, 252, 252, 252,
112, 119, 252, 252, 252,
128, 119, 252, 252, 252,
133, 119, 252, 252, 252,
145, 119, 252, 252, 252,
150, 119, 252, 252, 252,
155, 119, 252, 252, 252,
160, 119, 252, 252, 252,
176, 119, 252, 252, 252,
181, 119, 252, 252, 252,
201, 119, 252, 252, 252,
206, 119, 252, 252, 252,
63, 120, 152, 152, 152,
68, 120, 252, 252, 252,
73, 120, 252, 252, 252,
84, 120, 252, 252, 252,
89, 120, 252, 252, 252,
94, 120, 252, 252, 252,
99, 120, 252, 252, 252,
104, 120, 252, 252, 252,
109, 120, 252, 252, 252,
114, 120, 244, 244, 244,
130, 120, 252, 252, 252,
135, 120, 156, 156, 156,
147, 120, 252, 252, 252,
152, 120, 252, 252, 252,
157, 120, 252, 252, 252,
173, 120, 220, 220, 220,
178, 120, 252, 252, 252,
183, 120, 156, 156, 156,
202, 120, 252, 252, 252,
207, 120, 252, 252, 252,
65, 121, 252, 252, 252,
70, 121, 252, 252, 252,
75, 121, 156, 156, 156,
87, 121, 252, 252, 252,
92, 121, 252, 252, 252,
97, 121, 252, 252, 252,
102, 121, 252, 252, 252,
107, 121, 252, 252, 252,
112, 121, 252, 252, 252,
128, 121, 252, 252, 252,
133, 121, 252, 252, 252,
146, 121, 252, 252, 252,
151, 121, 252, 252, 252,
156, 121, 252, 252, 252,
161, 121, 252, 252, 252,
177, 121, 252, 252, 252,
182, 121, 252, 252, 252,
200, 121, 252, 252, 252,
205, 121, 252, 252, 252,
40, 122, 172, 172, 172,
67, 122, 252, 252, 252,
72, 122, 252, 252, 252,
83, 122, 248, 248, 248,
88, 122, 252, 252, 252,
93, 122, 252, 252, 252,
98, 122, 252, 252, 252,
103, 122, 252, 252, 252,
108, 122, 252, 252, 252,
113, 122, 252, 252, 252,
128, 122, 252, 252, 252,
133, 122, 252, 252, 252,
147, 122, 252, 252, 252,
152, 122, 252, 252, 252,
157, 122, 252, 252, 252,
173, 122, 220, 220, 220,
178, 122, 252, 252, 252,
183, 122, 156, 156, 156,
201, 122, 252, 252, 252,
206, 122, 252, 252, 252,
41, 123, 252, 252, 252,
65, 123, 252, 252, 252,
70, 123, 252, 252, 252,
75, 123, 176, 176, 176,
86, 123, 252, 252, 252,
91, 123, 252, 252, 252,
96, 123, 252, 252, 252,
101, 123, 252, 252, 252,
106, 123, 252, 252, 252,
111, 123, 252, 252, 252,
126, 123, 252, 252, 252,
131, 123, 252, 252, 252,
146, 123, 252, 252, 252,
151, 123, 252, 252, 252,
156, 123, 252, 252, 252,
161, 123, 252, 252, 252,
177, 123, 252, 252, 252,
182, 123, 252, 252, 252,
198, 123, 252, 252, 252,
203, 123, 252, 252, 252,
208, 123, 76, 76, 76,
44, 124, 200, 200, 200,
67, 124, 252, 252, 252,
72, 124, 252, 252, 252,
82, 124, 252, 252, 252,
87, 124, 252, 252, 252,
92, 124, 252, 252, 252,
97, 124, 252, 252, 252,
102, 124, 252, 252, 252,
107, 124, 252, 252, 252,
112, 124, 252, 252, 252,
126, 124, 252, 252, 252,
131, 124, 252, 252, 252,
146, 124, 124, 124, 124,
151, 124, 252, 252, 252,
156, 124, 252, 252, 252,
161, 124, 252, 252, 252,
177, 124, 252, 252, 252,
182, 124, 252, 252, 252,
197, 124, 252, 252, 252,
202, 124, 252, 252, 252,
207, 124, 232, 232, 232,
44, 125, 252, 252, 252,
64, 125, 252, 252, 252,
69, 125, 252, 252, 252,
74, 125, 220, 220, 220,
85, 125, 252, 252, 252,
90, 125, 224, 224, 224,
96, 125, 28, 28, 28,
101, 125, 28, 28, 28,
107, 125, 252, 252, 252,
112, 125, 252, 252, 252,
126, 125, 252, 252, 252,
131, 125, 252, 252, 252,
146, 125, 28, 28, 28,
151, 125, 252, 252, 252,
156, 125, 252, 252, 252,
161, 125, 252, 252, 252,
177, 125, 252, 252, 252,
182, 125, 252, 252, 252,
194, 125, 252, 252, 252,
199, 125, 252, 252, 252,
204, 125, 252, 252, 252,
42, 126, 252, 252, 252,
47, 126, 252, 252, 252,
61, 126, 32, 32, 32,
66, 126, 252, 252, 252,
71, 126, 252, 252, 252,
81, 126, 252, 252, 252,
86, 126, 252, 252, 252,
106, 126, 252, 252, 252,
111, 126, 252, 252, 252,
116, 126, 252, 252, 252,
129, 126, 252, 252, 252,
134, 126, 252, 252, 252,
150, 126, 252, 252, 252,
155, 126, 252, 252, 252,
160, 126, 252, 252, 252,
176, 126, 252, 252, 252,
181, 126, 252, 252, 252,
186, 126, 252, 252, 252,
191, 126, 252, 252, 252,
196, 126, 252, 252, 252,
201, 126, 252, 252, 252,
206, 126, 188, 188, 188,
44, 127, 252, 252, 252,
49, 127, 252, 252, 252,
54, 127, 92, 92, 92,
59, 127, 76, 76, 76,
64, 127, 252, 252, 252,
69, 127, 252, 252, 252,
80, 127, 148, 148, 148,
85, 127, 252, 252, 252,
90, 127, 128, 128, 128,
110, 127, 252, 252, 252,
115, 127, 252, 252, 252,
129, 127, 252, 252, 252,
134, 127, 252, 252, 252,
150, 127, 252, 252, 252,
155, 127, 252, 252, 252,
160, 127, 252, 252, 252,
176, 127, 252, 252, 252,
181, 127, 252, 252, 252,
186, 127, 252, 252, 252,
191, 127, 252, 252, 252,
196, 127, 252, 252, 252,
201, 127, 252, 252, 252,
40, 128, 156, 156, 156,
45, 128, 252, 252, 252,
50, 128, 252, 252, 252,
55, 128, 252, 252, 252,
60, 128, 252, 252, 252,
65, 128, 252, 252, 252,
70, 128, 252, 252, 252,
81, 128, 252, 252, 252,
86, 128, 252, 252, 252,
108, 128, 252, 252, 252,
113, 128, 252, 252, 252,
126, 128, 252, 252, 252,
131, 128, 252, 252, 252,
148, 128, 24, 24, 24,
153, 128, 252, 252, 252,
158, 128, 252, 252, 252,
174, 128, 252, 252, 252,
179, 128, 252, 252, 252,
184, 128, 252, 252, 252,
189, 128, 252, 252, 252,
194, 128, 252, 252, 252,
199, 128, 252, 252, 252,
204, 128, 188, 188, 188,
44, 129, 252, 252, 252,
49, 129, 252, 252, 252,
54, 129, 252, 252, 252,
59, 129, 252, 252, 252,
64, 129, 252, 252, 252,
69, 129, 252, 252, 252,
80, 129, 252, 252, 252,
85, 129, 252, 252, 252,
106, 129, 32, 32, 32,
111, 129, 252, 252, 252,
116, 129, 252, 252, 252,
129, 129, 252, 252, 252,
134, 129, 252, 252, 252,
152, 129, 252, 252, 252,
157, 129, 252, 252, 252,
173, 129, 220, 220, 220,
178, 129, 252, 252, 252,
183, 129, 252, 252, 252,
188, 129, 252, 252, 252,
193, 129, 252, 252, 252,
198, 129, 252, 252, 252,
203, 129, 192, 192, 192,
44, 130, 252, 252, 252,
49, 130, 252, 252, 252,
54, 130, 252, 252, 252,
59, 130, 252, 252, 252,
64, 130, 252, 252, 252,
69, 130, 252, 252, 252,
81, 130, 252, 252, 252,
86, 130, 252, 252, 252,
109, 130, 252, 252, 252,
114, 130, 252, 252, 252,
127, 130, 252, 252, 252,
132, 130, 252, 252, 252,
151, 130, 252, 252, 252,
156, 130, 252, 252, 252,
161, 130, 252, 252, 252,
177, 130, 252, 252, 252,
182, 130, 252, 252, 252,
187, 130, 252, 252, 252,
192, 130, 252, 252, 252,
197, 130, 252, 252, 252,
202, 130, 188, 188, 188,
44, 131, 252, 252, 252,
49, 131, 252, 252, 252,
54, 131, 252, 252, 252,
59, 131, 252, 252, 252,
64, 131, 252, 252, 252,
69, 131, 192, 192, 192,
82, 131, 252, 252, 252,
87, 131, 252, 252, 252,
109, 131, 252, 252, 252,
114, 131, 252, 252, 252,
126, 131, 252, 252, 252,
131, 131, 252, 252, 252,
150, 131, 188, 188, 188,
155, 131, 252, 252, 252,
160, 131, 252, 252, 252,
176, 131, 252, 252, 252,
181, 131, 252, 252, 252,
186, 131, 252, 252, 252,
191, 131, 252, 252, 252,
196, 131, 248, 248, 248,
41, 132, 80, 80, 80,
46, 132, 248, 248, 248,
51, 132, 252, 252, 252,
56, 132, 252, 252, 252,
61, 132, 252, 252, 252,
66, 132, 252, 252, 252,
81, 132, 252, 252, 252,
86, 132, 252, 252, 252,
109, 132, 252, 252, 252,
114, 132, 252, 252, 252,
126, 132, 252, 252, 252,
131, 132, 252, 252, 252,
151, 132, 172, 172, 172,
156, 132, 252, 252, 252,
161, 132, 252, 252, 252,
177, 132, 252, 252, 252,
182, 132, 252, 252, 252,
187, 132, 252, 252, 252,
192, 132, 252, 252, 252,
197, 132, 120, 120, 120,
47, 133, 252, 252, 252,
52, 133, 252, 252, 252,
57, 133, 252, 252, 252,
62, 133, 252, 252, 252,
78, 133, 252, 252, 252,
83, 133, 252, 252, 252,
88, 133, 100, 100, 100,
112, 133, 252, 252, 252,
117, 133, 252, 252, 252,
128, 133, 252, 252, 252,
133, 133, 252, 252, 252,
153, 133, 252, 252, 252,
158, 133, 252, 252, 252,
174, 133, 252, 252, 252,
179, 133, 252, 252, 252,
184, 133, 252, 252, 252,
189, 133, 252, 252, 252,
195, 133, 28, 28, 28,
53, 134, 220, 220, 220,
58, 134, 220, 220, 220,
