228, 33, 40, 20, 16,
231, 34, 104, 88, 68,
226, 35, 108, 80, 68,
219, 36, 88, 76, 48,
235, 36, 92, 64, 64,
224, 37, 120, 88, 68,
240, 37, 88, 60, 44,
224, 38, 132, 104, 80,
240, 38, 96, 76, 68,
222, 39, 132, 104, 80,
238, 39, 80, 52, 36,
218, 40, 132, 112, 84,
234, 40, 108, 80, 68,
213, 41, 132, 100, 88,
229, 41, 132, 100, 88,
206, 42, 116, 88, 72,
222, 42, 124, 96, 76,
238, 42, 80, 60, 52,
212, 43, 140, 112, 84,
228, 43, 144, 112, 96,
201, 44, 112, 92, 68,
217, 44, 44, 32, 36,
233, 44, 112, 92, 68,
204, 45, 144, 104, 96,
220, 45, 100, 80, 72,
236, 45, 100, 80, 60,
205, 46, 92, 76, 60,
221, 46, 156, 128, 104,
237, 46, 88, 60, 44,
204, 47, 64, 44, 48,
220, 47, 156, 128, 104,
236, 47, 80, 60, 52,
202, 48, 80, 60, 52,
218, 48, 152, 120, 88,
234, 48, 96, 76, 60,
199, 49, 68, 56, 32,
215, 49, 148, 116, 88,
231, 49, 116, 88, 72,
194, 50, 112, 92, 72,
210, 50, 148, 120, 92,
226, 50, 32, 24, 32,
188, 51, 132, 104, 80,
204, 51, 148, 116, 88,
220, 51, 144, 120, 100,
236, 51, 40, 24, 32,
197, 52, 148, 120, 92,
213, 52, 144, 112, 88,
229, 52, 120, 88, 72,
189, 53, 80, 60, 64,
205, 53, 144, 112, 84,
221, 53, 144, 120, 100,
179, 54, 100, 72, 60,
195, 54, 144, 112, 84,
211, 54, 140, 108, 84,
227, 54, 124, 108, 88,
184, 55, 104, 88, 68,
200, 55, 136, 108, 80,
216, 55, 148, 116, 88,
232, 55, 92, 64, 64,
188, 56, 148, 120, 92,
204, 56, 136, 104, 80,
220, 56, 140, 120, 92,
176, 57, 124, 96, 76,
192, 57, 140, 112, 84,
208, 57, 136, 104, 80,
224, 57, 56, 56, 48,
179, 58, 68, 56, 32,
195, 58, 120, 100, 72,
211, 58, 140, 100, 80,
227, 58, 104, 76, 60,
183, 59, 144, 112, 84,
199, 59, 120, 88, 68,
215, 59, 148, 116, 88,
126, 60, 24, 16, 20,
182, 60, 144, 112, 88,
198, 60, 116, 92, 64,
214, 60, 140, 108, 84,
120, 61, 24, 16, 20,
136, 61, 44, 32, 36,
183, 61, 136, 108, 76,
199, 61, 88, 76, 48,
215, 61, 148, 116, 88,
115, 62, 28, 28, 20,
131, 62, 80, 60, 64,
173, 62, 60, 32, 36,
189, 62, 108, 80, 68,
205, 62, 116, 92, 64,
221, 62, 80, 60, 64,
120, 63, 80, 60, 64,
136, 63, 92, 64, 64,
174, 63, 152, 116, 88,
190, 63, 52, 28, 20,
206, 63, 116, 88, 68,
222, 63, 120, 88, 72,
118, 64, 92, 76, 60,
134, 64, 96, 76, 60,
150, 64, 48, 44, 48,
187, 64, 56, 48, 28,
203, 64, 100, 88, 56,
219, 64, 44, 32, 36,
114, 65, 80, 60, 64,
130, 65, 116, 88, 68,
146, 65, 100, 72, 60,
181, 65, 116, 88, 72,
197, 65, 40, 36, 20,
213, 65, 152, 112, 88,
106, 66, 48, 44, 48,
122, 66, 116, 88, 68,
138, 66, 124, 92, 72,
154, 66, 48, 44, 48,
186, 66, 32, 32, 24,
203, 66, 108, 80, 68,
219, 66, 120, 104, 84,
111, 67, 92, 64, 64,
127, 67, 124, 92, 72,
143, 67, 124, 92, 72,
174, 67, 40, 32, 20,
190, 67, 32, 32, 24,
206, 67, 120, 100, 72,
222, 67, 92, 64, 64,
114, 68, 116, 96, 68,
130, 68, 132, 104, 80,
146, 68, 124, 92, 72,
176, 68, 68, 56, 32,
192, 68, 28, 28, 20,
210, 68, 144, 112, 84,
101, 69, 48, 44, 48,
117, 69, 136, 104, 80,
133, 69, 136, 108, 76,
149, 69, 116, 88, 68,
177, 69, 40, 32, 20,
196, 69, 32, 28, 16,
212, 69, 156, 116, 100,
102, 70, 80, 60, 64,
118, 70, 136, 104, 80,
134, 70, 148, 112, 80,
150, 70, 116, 92, 64,
177, 70, 28, 28, 20,
197, 70, 40, 32, 20,
213, 70, 116, 88, 72,
102, 71, 80, 72, 52,
118, 71, 140, 108, 80,
134, 71, 156, 116, 80,
150, 71, 124, 92, 72,
176, 71, 28, 28, 20,
203, 71, 116, 96, 72,
219, 71, 88, 60, 44,
107, 72, 112, 92, 68,
123, 72, 144, 116, 76,
139, 72, 144, 116, 76,
155, 72, 112, 92, 68,
193, 72, 28, 28, 20,
209, 72, 148, 112, 88,
97, 73, 68, 60, 60,
113, 73, 144, 104, 76,
129, 73, 152, 116, 80,
145, 73, 144, 116, 76,
161, 73, 108, 80, 68,
199, 73, 68, 60, 48,
215, 73, 108, 80, 68,
102, 74, 112, 92, 68,
118, 74, 152, 116, 80,
134, 74, 164, 124, 80,
150, 74, 136, 104, 80,
166, 74, 80, 60, 52,
203, 74, 140, 108, 84,
90, 75, 48, 44, 48,
106, 75, 140, 112, 84,
122, 75, 156, 116, 80,
138, 75, 160, 116, 80,
154, 75, 136, 104, 80,
191, 75, 24, 16, 20,
207, 75, 152, 112, 88,
94, 76, 92, 76, 60,
110, 76, 156, 116, 80,
126, 76, 172, 136, 84,
142, 76, 164, 124, 80,
158, 76, 132, 96, 72,
193, 76, 40, 32, 20,
209, 76, 80, 52, 52,
96, 77, 104, 88, 68,
112, 77, 156, 116, 80,
128, 77, 180, 140, 88,
144, 77, 160, 116, 80,
160, 77, 124, 92, 72,
194, 77, 40, 32, 20,
210, 77, 120, 88, 72,
97, 78, 116, 88, 68,
113, 78, 156, 124, 80,
129, 78, 188, 140, 88,
145, 78, 164, 124, 80,
161, 78, 124, 92, 72,
193, 78, 40, 32, 20,
209, 78, 116, 88, 68,
96, 79, 120, 100, 72,
112, 79, 164, 124, 80,
128, 79, 188, 140, 88,
144, 79, 172, 124, 80,
160, 79, 128, 92, 68,
191, 79, 24, 16, 20,
207, 79, 120, 104, 84,
94, 80, 120, 88, 72,
110, 80, 164, 124, 80,
126, 80, 188, 140, 88,
142, 80, 176, 124, 64,
158, 80, 132, 108, 60,
174, 80, 24, 16, 20,
204, 80, 128, 96, 76,
91, 81, 112, 92, 68,
107, 81, 164, 124, 80,
123, 81, 196, 148, 88,
139, 81, 172, 124, 80,
155, 81, 160, 116, 80,
171, 81, 108, 80, 68,
199, 81, 140, 108, 80,
86, 82, 80, 72, 52,
102, 82, 164, 124, 80,
118, 82, 172, 136, 84,
134, 82, 196, 140, 76,
150, 82, 164, 132, 80,
166, 82, 144, 104, 76,
194, 82, 116, 92, 64,
81, 83, 36, 32, 32,
97, 83, 156, 116, 80,
113, 83, 180, 132, 80,
129, 83, 196, 140, 76,
145, 83, 184, 136, 80,
161, 83, 156, 112, 76,
186, 83, 24, 16, 20,
202, 83, 80, 52, 52,
89, 84, 120, 92, 84,
105, 84, 172, 136, 80,
121, 84, 200, 148, 96,
137, 84, 184, 136, 80,
153, 84, 168, 124, 80,
169, 84, 132, 108, 60,
192, 84, 112, 92, 68,
79, 85, 28, 28, 20,
95, 85, 160, 116, 80,
111, 85, 184, 136, 88,
127, 85, 188, 136, 76,
143, 85, 184, 136, 80,
159, 85, 156, 112, 76,
175, 85, 80, 60, 52,
197, 85, 152, 116, 88,
84, 86, 104, 76, 60,
100, 86, 164, 124, 80,
116, 86, 200, 156, 100,
132, 86, 204, 148, 76,
148, 86, 184, 136, 80,
164, 86, 172, 124, 80,
185, 86, 28, 28, 20,
201, 86, 120, 88, 72,
88, 87, 132, 104, 80,
104, 87, 172, 136, 80,
120, 87, 204, 156, 84,
136, 87, 196, 148, 76,
152, 87, 164, 132, 80,
168, 87, 144, 108, 60,
187, 87, 40, 44, 28,
203, 87, 68, 60, 48,
91, 88, 156, 124, 80,
107, 88, 176, 144, 80,
123, 88, 196, 148, 76,
139, 88, 188, 136, 76,
155, 88, 172, 124, 80,
171, 88, 132, 108, 60,
189, 88, 124, 100, 80,
77, 89, 48, 44, 48,
93, 89, 156, 124, 80,
109, 89, 188, 140, 88,
125, 89, 196, 148, 76,
141, 89, 188, 148, 68,
157, 89, 180, 132, 80,
173, 89, 132, 108, 60,
189, 89, 132, 104, 80,
77, 90, 80, 52, 52,
93, 90, 168, 124, 80,
109, 90, 188, 152, 88,
125, 90, 204, 156, 80,
141, 90, 196, 148, 76,
157, 90, 172, 136, 80,
173, 90, 132, 96, 72,
189, 90, 140, 112, 84,
78, 91, 92, 76, 68,
94, 91, 172, 136, 84,
110, 91, 208, 156, 100,
126, 91, 208, 156, 80,
142, 91, 196, 140, 76,
158, 91, 196, 140, 76,
174, 91, 132, 96, 72,
190, 91, 144, 112, 88,
80, 92, 124, 100, 80,
96, 92, 180, 140, 88,
112, 92, 216, 164, 84,
128, 92, 204, 156, 80,
144, 92, 184, 136, 80,
160, 92, 204, 148, 76,
176, 92, 112, 92, 68,
192, 92, 100, 72, 60,
82, 93, 148, 112, 80,
98, 93, 180, 132, 80,
114, 93, 204, 156, 80,
130, 93, 204, 156, 80,
146, 93, 172, 124, 80,
162, 93, 196, 140, 76,
178, 93, 68, 56, 32,
194, 93, 120, 100, 72,
85, 94, 160, 116, 80,
101, 94, 176, 144, 80,
117, 94, 212, 164, 80,
133, 94, 204, 148, 76,
149, 94, 196, 140, 76,
165, 94, 176, 144, 80,
181, 94, 88, 76, 48,
72, 95, 24, 16, 20,
88, 95, 168, 128, 88,
104, 95, 208, 164, 88,
120, 95, 212, 160, 80,
136, 95, 208, 152, 76,
152, 95, 196, 148, 76,
168, 95, 168, 120, 76,
184, 95, 136, 108, 80,
76, 96, 120, 88, 72,
92, 96, 172, 140, 88,
108, 96, 216, 164, 84,
124, 96, 204, 156, 80,
140, 96, 196, 144, 80,
156, 96, 212, 160, 80,
172, 96, 136, 108, 76,
188, 96, 80, 52, 36,
80, 97, 148, 112, 80,
96, 97, 192, 140, 88,
112, 97, 212, 160, 84,
128, 97, 204, 156, 80,
144, 97, 196, 140, 76,
160, 97, 196, 144, 64,
176, 97, 36, 32, 32,
192, 97, 96, 76, 60,
85, 98, 168, 128, 88,
101, 98, 208, 164, 88,
117, 98, 216, 164, 84,
133, 98, 212, 160, 80,
149, 98, 204, 148, 68,
165, 98, 176, 144, 80,
181, 98, 148, 112, 88,
75, 99, 124, 96, 76,
91, 99, 184, 136, 80,
107, 99, 216, 164, 84,
123, 99, 204, 156, 80,
139, 99, 188, 136, 64,
155, 99, 212, 160, 80,
171, 99, 92, 76, 60,
187, 99, 132, 104, 80,
81, 100, 156, 116, 80,
97, 100, 208, 164, 88,
113, 100, 220, 168, 80,
129, 100, 212, 160, 80,
145, 100, 208, 156, 72,
161, 100, 196, 144, 64,
177, 100, 132, 104, 80,
73, 101, 120, 88, 72,
89, 101, 184, 136, 80,
105, 101, 220, 168, 80,
121, 101, 208, 160, 80,
137, 101, 188, 136, 64,
153, 101, 216, 164, 80,
169, 101, 88, 60, 44,
185, 101, 132, 108, 80,
81, 102, 160, 116, 80,
97, 102, 220, 164, 96,
113, 102, 216, 164, 84,
129, 102, 212, 160, 80,
145, 102, 216, 164, 80,
161, 102, 204, 148, 76,
177, 102, 144, 112, 84,
74, 103, 132, 104, 80,
90, 103, 188, 152, 88,
106, 103, 216, 164, 84,
122, 103, 212, 164, 84,
138, 103, 204, 148, 76,
154, 103, 216, 160, 72,
170, 103, 52, 28, 20,
186, 103, 44, 32, 36,
83, 104, 172, 136, 84,
99, 104, 224, 176, 88,
115, 104, 212, 160, 80,
131, 104, 204, 156, 84,
147, 104, 236, 180, 84,
163, 104, 196, 144, 80,
179, 104, 132, 96, 80,
77, 105, 156, 120, 88,
93, 105, 200, 160, 88,
109, 105, 212, 160, 80,
125, 105, 216, 168, 80,
141, 105, 216, 168, 72,
157, 105, 212, 160, 80,
173, 105, 144, 108, 80,
71, 106, 124, 96, 88,
87, 106, 204, 152, 100,
103, 106, 216, 168, 80,
119, 106, 216, 168, 80,
135, 106, 212, 160, 80,
151, 106, 216, 160, 72,
167, 106, 68, 44, 32,
183, 106, 92, 64, 64,
80, 107, 168, 128, 88,
96, 107, 220, 168, 80,
112, 107, 216, 160, 80,
128, 107, 196, 156, 80,
144, 107, 232, 176, 80,
160, 107, 188, 136, 76,
176, 107, 144, 112, 88,
73, 108, 136, 108, 80,
89, 108, 200, 160, 88,
105, 108, 212, 164, 80,
121, 108, 216, 164, 80,
137, 108, 224, 160, 72,
153, 108, 216, 160, 72,
169, 108, 144, 112, 88,
185, 108, 44, 32, 36,
82, 109, 192, 140, 88,
98, 109, 236, 180, 84,
114, 109, 216, 168, 80,
130, 109, 204, 148, 68,
146, 109, 232, 176, 80,
162, 109, 80, 60, 52,
178, 109, 136, 104, 80,
75, 110, 156, 120, 92,
91, 110, 204, 156, 80,
107, 110, 212, 164, 84,
123, 110, 208, 156, 80,
139, 110, 236, 180, 84,
155, 110, 208, 156, 72,
171, 110, 164, 128, 88,
67, 111, 100, 88, 72,
83, 111, 200, 148, 96,
99, 111, 212, 160, 80,
115, 111, 220, 172, 80,
131, 111, 216, 168, 72,
147, 111, 232, 172, 72,
163, 111, 124, 96, 76,
179, 111, 132, 96, 80,
75, 112, 176, 128, 88,
91, 112, 208, 156, 80,
107, 112, 212, 164, 84,
123, 112, 204, 148, 76,
139, 112, 232, 176, 80,
155, 112, 176, 124, 64,
171, 112, 156, 120, 92,
67, 113, 104, 96, 84,
83, 113, 196, 148, 88,
99, 113, 208, 160, 84,
115, 113, 216, 168, 80,
131, 113, 224, 176, 76,
147, 113, 224, 176, 76,
163, 113, 144, 112, 84,
179, 113, 140, 100, 80,
75, 114, 172, 136, 84,
91, 114, 208, 160, 84,
107, 114, 216, 168, 80,
123, 114, 208, 156, 72,
139, 114, 224, 176, 76,
155, 114, 100, 80, 60,
171, 114, 140, 108, 84,
67, 115, 120, 92, 84,
83, 115, 196, 156, 80,
99, 115, 212, 164, 80,
115, 115, 212, 160, 84,
131, 115, 244, 188, 80,
147, 115, 220, 172, 80,
163, 115, 156, 120, 92,
179, 115, 140, 108, 84,
75, 116, 164, 132, 80,
91, 116, 204, 156, 84,
107, 116, 216, 168, 80,
123, 116, 216, 160, 72,
139, 116, 240, 176, 72,
155, 116, 56, 48, 28,
171, 116, 164, 124, 80,
66, 117, 104, 96, 84,
82, 117, 196, 156, 80,
98, 117, 212, 164, 84,
114, 117, 204, 156, 80,
130, 117, 244, 188, 80,
146, 117, 224, 160, 72,
162, 117, 164, 128, 88,
178, 117, 152, 116, 80,
73, 118, 168, 128, 88,
89, 118, 196, 156, 80,
105, 118, 216, 164, 84,
121, 118, 224, 160, 72,
137, 118, 240, 176, 72,
153, 118, 56, 56, 48,
169, 118, 176, 132, 80,
185, 118, 48, 44, 48,
80, 119, 188, 140, 88,
96, 119, 208, 160, 80,
112, 119, 204, 148, 76,
128, 119, 248, 188, 84,
144, 119, 224, 176, 76,
160, 119, 176, 128, 104,
176, 119, 164, 120, 88,
71, 120, 164, 124, 80,
87, 120, 196, 156, 80,
103, 120, 216, 164, 84,
119, 120, 216, 168, 72,
135, 120, 244, 188, 72,
151, 120, 100, 72, 60,
167, 120, 176, 132, 80,
183, 120, 100, 72, 72,
78, 121, 188, 136, 80,
94, 121, 208, 160, 84,
110, 121, 196, 148, 76,
126, 121, 244, 188, 80,
142, 121, 220, 172, 80,
158, 121, 180, 136, 100,
174, 121, 168, 128, 88,
69, 122, 144, 112, 84,
85, 122, 196, 156, 80,
101, 122, 216, 164, 84,
117, 122, 224, 168, 76,
133, 122, 232, 176, 80,
149, 122, 116, 88, 68,
165, 122, 184, 136, 80,
181, 122, 124, 96, 76,
76, 123, 172, 136, 84,
92, 123, 208, 160, 80,
108, 123, 196, 144, 64,
124, 123, 244, 188, 80,
140, 123, 224, 176, 76,
156, 123, 168, 128, 88,
172, 123, 184, 136, 88,
68, 124, 144, 112, 88,
84, 124, 196, 156, 80,
100, 124, 212, 164, 84,
116, 124, 236, 180, 84,
132, 124, 244, 188, 72,
148, 124, 140, 108, 84,
164, 124, 192, 140, 88,
180, 124, 124, 96, 88,
76, 125, 172, 136, 84,
92, 125, 208, 160, 80,
108, 125, 208, 160, 80,
124, 125, 244, 188, 72,
140, 125, 116, 92, 48,
156, 125, 156, 120, 88,
172, 125, 176, 128, 88,
68, 126, 124, 108, 88,
84, 126, 196, 148, 76,
100, 126, 204, 156, 80,
116, 126, 244, 188, 80,
132, 126, 244, 188, 80,
148, 126, 152, 116, 88,
164, 126, 196, 148, 88,
180, 126, 120, 92, 84,
76, 127, 172, 136, 84,
92, 127, 204, 156, 80,
108, 127, 216, 164, 80,
124, 127, 244, 188, 80,
140, 127, 52, 28, 20,
156, 127, 176, 132, 80,
172, 127, 168, 128, 88,
68, 128, 124, 96, 88,
84, 128, 196, 156, 80,
100, 128, 196, 140, 76,
116, 128, 248, 188, 84,
132, 128, 232, 176, 80,
148, 128, 172, 136, 84,
164, 128, 196, 148, 100,
180, 128, 124, 96, 76,
77, 129, 180, 132, 80,
93, 129, 204, 156, 84,
109, 129, 224, 176, 76,
125, 129, 244, 188, 80,
141, 129, 124, 100, 80,
157, 129, 188, 136, 80,
173, 129, 168, 128, 88,
71, 130, 148, 120, 84,
87, 130, 196, 156, 80,
103, 130, 220, 172, 80,
119, 130, 244, 188, 80,
135, 130, 88, 76, 48,
151, 130, 156, 112, 76,
167, 130, 188, 140, 88,
183, 130, 32, 24, 32,
80, 131, 184, 144, 88,
96, 131, 196, 148, 76,
112, 131, 244, 188, 80,
128, 131, 236, 180, 84,
144, 131, 172, 136, 84,
160, 131, 196, 148, 88,
176, 131, 148, 120, 92,
73, 132, 156, 124, 80,
89, 132, 188, 152, 88,
105, 132, 236, 180, 84,
121, 132, 248, 188, 88,
137, 132, 132, 104, 80,
153, 132, 196, 144, 80,
169, 132, 184, 136, 88,
66, 133, 80, 76, 68,
82, 133, 188, 148, 80,
98, 133, 216, 164, 80,
114, 133, 248, 188, 84,
130, 133, 112, 76, 44,
146, 133, 148, 116, 80,
162, 133, 200, 148, 96,
178, 133, 120, 104, 84,
75, 134, 168, 128, 88,
91, 134, 196, 148, 76,
107, 134, 248, 188, 84,
123, 134, 240, 188, 88,
139, 134, 164, 124, 96,
155, 134, 200, 148, 96,
171, 134, 168, 128, 88,
68, 135, 120, 92, 84,
84, 135, 188, 140, 88,
100, 135, 236, 180, 84,
116, 135, 244, 188, 72,
132, 135, 124, 100, 80,
148, 135, 204, 148, 80,
164, 135, 188, 140, 88,
180, 135, 80, 60, 64,
76, 136, 172, 136, 84,
92, 136, 208, 160, 80,
108, 136, 240, 188, 88,
124, 136, 144, 108, 60,
140, 136, 160, 120, 88,
156, 136, 200, 156, 100,
172, 136, 152, 124, 88,
67, 137, 100, 80, 72,
83, 137, 180, 132, 80,
99, 137, 236, 180, 84,
115, 137, 244, 188, 72,
131, 137, 140, 108, 84,
147, 137, 204, 156, 80,
163, 137, 192, 140, 88,
179, 137, 92, 76, 68,
74, 138, 160, 128, 88,
90, 138, 208, 160, 80,
106, 138, 240, 188, 88,
122, 138, 96, 72, 44,
138, 138, 160, 120, 88,
154, 138, 200, 156, 100,
170, 138, 160, 128, 88,
63, 139, 116, 88, 68,
79, 139, 172, 124, 80,
95, 139, 232, 176, 80,
111, 139, 240, 188, 88,
127, 139, 132, 104, 80,
143, 139, 204, 148, 76,
159, 139, 196, 148, 88,
175, 139, 132, 100, 88,
69, 140, 124, 96, 88,
85, 140, 196, 156, 80,
101, 140, 236, 180, 84,
117, 140, 196, 156, 80,
133, 140, 184, 136, 88,
149, 140, 204, 152, 100,
165, 140, 188, 140, 104,
57, 141, 80, 72, 52,
73, 141, 140, 112, 84,
89, 141, 220, 172, 80,
105, 141, 240, 188, 88,
121, 141, 60, 32, 36,
137, 141, 172, 136, 80,
153, 141, 200, 156, 100,
169, 141, 164, 124, 96,
61, 142, 80, 52, 52,
77, 142, 168, 124, 80,
93, 142, 224, 176, 88,
109, 142, 232, 176, 80,
125, 142, 144, 112, 84,
141, 142, 204, 156, 84,
157, 142, 196, 148, 100,
173, 142, 140, 100, 80,
64, 143, 144, 108, 80,
80, 143, 188, 136, 80,
96, 143, 220, 172, 80,
112, 143, 188, 136, 64,
128, 143, 180, 140, 88,
144, 143, 208, 156, 100,
160, 143, 180, 136, 100,
176, 143, 100, 72, 60,
67, 144, 112, 92, 68,
83, 144, 208, 160, 84,
99, 144, 236, 180, 84,
115, 144, 56, 48, 28,
131, 144, 144, 116, 76,
147, 144, 208, 164, 100,
163, 144, 172, 140, 88,
54, 145, 120, 88, 72,
70, 145, 124, 96, 88,
86, 145, 224, 176, 88,
102, 145, 224, 176, 76,
118, 145, 120, 100, 72,
134, 145, 208, 152, 76,
150, 145, 200, 148, 96,
166, 145, 160, 128, 88,
56, 146, 68, 60, 48,
73, 146, 156, 120, 88,
89, 146, 216, 168, 80,
105, 146, 224, 176, 88,
121, 146, 156, 120, 92,
137, 146, 208, 156, 88,
153, 146, 192, 140, 88,
169, 146, 144, 112, 88,
59, 147, 144, 112, 84,
75, 147, 180, 140, 88,
91, 147, 216, 168, 80,
107, 147, 132, 92, 52,
123, 147, 180, 140, 88,
139, 147, 208, 164, 100,
155, 147, 188, 140, 104,
171, 147, 124, 100, 80,
60, 148, 144, 108, 80,
78, 148, 184, 144, 88,
94, 148, 224, 176, 88,
110, 148, 40, 24, 32,
126, 148, 156, 112, 76,
142, 148, 220, 164, 96,
158, 148, 180, 136, 100,
174, 148, 32, 32, 24,
63, 149, 80, 72, 52,
81, 149, 196, 144, 80,
97, 149, 216, 168, 80,
113, 149, 136, 104, 80,
129, 149, 204, 148, 76,
145, 149, 204, 152, 100,
161, 149, 164, 128, 88,
49, 150, 124, 96, 76,
65, 150, 40, 32, 20,
85, 150, 196, 156, 80,
101, 150, 156, 112, 76,
117, 150, 168, 128, 88,
133, 150, 208, 156, 88,
149, 150, 196, 148, 100,
165, 150, 148, 116, 88,
53, 151, 152, 124, 88,
75, 151, 140, 116, 84,
91, 151, 204, 156, 84,
107, 151, 92, 76, 60,
123, 151, 184, 136, 80,
139, 151, 208, 164, 88,
155, 151, 180, 140, 88,
171, 151, 64, 44, 48,
58, 152, 116, 88, 68,
80, 152, 184, 136, 80,
96, 152, 204, 148, 68,
112, 152, 152, 116, 88,
128, 152, 200, 160, 88,
144, 152, 196, 148, 88,
160, 152, 172, 140, 100,
47, 153, 124, 100, 80,
63, 153, 28, 28, 20,
86, 153, 188, 148, 80,
102, 153, 52, 28, 20,
118, 153, 148, 116, 80,
134, 153, 220, 164, 96,
150, 153, 188, 152, 100,
166, 153, 124, 96, 76,
53, 154, 140, 112, 84,
79, 154, 156, 124, 80,
95, 154, 96, 72, 44,
111, 154, 168, 128, 88,
127, 154, 196, 148, 88,
143, 154, 196, 148, 100,
159, 154, 164, 128, 104,
46, 155, 108, 80, 68,
62, 155, 40, 32, 20,
89, 155, 176, 144, 80,
105, 155, 136, 104, 80,
121, 155, 204, 156, 84,
137, 155, 200, 156, 100,
153, 155, 172, 140, 88,
40, 156, 28, 28, 20,
56, 156, 112, 92, 68,
84, 156, 172, 136, 80,
100, 156, 124, 100, 80,
116, 156, 176, 144, 80,
132, 156, 208, 164, 88,
148, 156, 184, 144, 88,
164, 156, 104, 88, 68,
51, 157, 124, 100, 80,
80, 157, 148, 116, 80,
96, 157, 64, 44, 48,
112, 157, 148, 112, 80,
128, 157, 208, 164, 100,
144, 157, 188, 152, 100,
160, 157, 140, 112, 84,
47, 158, 148, 112, 80,
78, 158, 120, 104, 84,
94, 158, 56, 48, 28,
110, 158, 148, 112, 80,
126, 158, 208, 164, 88,
142, 158, 188, 152, 100,
158, 158, 140, 112, 88,
45, 159, 140, 120, 92,
61, 159, 24, 16, 20,
93, 159, 80, 60, 52,
109, 159, 148, 112, 80,
125, 159, 208, 164, 100,
141, 159, 196, 148, 100,
157, 159, 140, 112, 88,
44, 160, 144, 112, 96,
60, 160, 24, 16, 20,
93, 160, 120, 88, 72,
109, 160, 156, 124, 80,
125, 160, 200, 156, 100,
141, 160, 196, 148, 100,
157, 160, 132, 104, 80,
44, 161, 144, 112, 84,
60, 161, 28, 28, 20,
94, 161, 140, 108, 80,
110, 161, 184, 144, 88,
126, 161, 204, 152, 100,
142, 161, 188, 140, 104,
158, 161, 108, 80, 68,
45, 162, 144, 116, 76,
61, 162, 24, 16, 20,
97, 162, 148, 120, 92,
113, 162, 192, 140, 88,
129, 162, 200, 148, 100,
145, 162, 168, 128, 88,
161, 162, 32, 32, 24,
48, 163, 120, 100, 72,
83, 163, 40, 32, 20,
99, 163, 156, 120, 88,
115, 163, 200, 156, 100,
131, 163, 184, 144, 88,
147, 163, 164, 128, 88,
35, 164, 104, 88, 68,
51, 164, 80, 60, 52,
83, 164, 48, 44, 48,
99, 164, 148, 120, 92,
115, 164, 188, 152, 100,
131, 164, 188, 152, 100,
147, 164, 160, 128, 88,
35, 165, 116, 88, 72,
51, 165, 56, 48, 28,
80, 165, 44, 32, 36,
96, 165, 156, 120, 88,
112, 165, 196, 148, 100,
128, 165, 180, 148, 100,
144, 165, 164, 124, 96,
33, 166, 108, 80, 68,
49, 166, 116, 88, 72,
70, 166, 24, 16, 20,
86, 166, 136, 104, 80,
102, 166, 176, 128, 104,
118, 166, 188, 140, 104,
134, 166, 180, 136, 100,
150, 166, 120, 88, 72,
40, 167, 148, 116, 80,
56, 167, 32, 32, 24,
78, 167, 80, 60, 52,
94, 167, 152, 124, 88,
110, 167, 188, 140, 104,
126, 167, 180, 136, 100,
142, 167, 156, 128, 104,
32, 168, 100, 80, 60,
48, 168, 116, 88, 72,
65, 168, 28, 28, 20,
82, 168, 140, 112, 84,
98, 168, 144, 120, 100,
114, 168, 176, 128, 104,
130, 168, 188, 140, 104,
146, 168, 124, 100, 80,
37, 169, 144, 112, 96,
53, 169, 36, 32, 32,
70, 169, 32, 32, 24,
86, 169, 152, 124, 88,
102, 169, 164, 128, 88,
118, 169, 176, 128, 104,
134, 169, 164, 128, 88,
150, 169, 40, 44, 28,
42, 170, 140, 108, 80,
58, 170, 36, 32, 32,
74, 170, 120, 88, 72,
90, 170, 132, 112, 84,
106, 170, 176, 128, 104,
122, 170, 172, 140, 100,
138, 170, 144, 120, 100,
31, 171, 124, 100, 80,
47, 171, 116, 88, 68,
63, 171, 40, 24, 32,
79, 171, 136, 104, 80,
96, 171, 120, 104, 84,
112, 171, 164, 128, 104,
128, 171, 164, 128, 88,
144, 171, 92, 76, 60,
38, 172, 140, 112, 84,
54, 172, 32, 32, 24,
70, 172, 120, 100, 72,
86, 172, 144, 112, 88,
106, 172, 144, 112, 96,
122, 172, 164, 128, 104,
138, 172, 124, 100, 80,
33, 173, 132, 112, 84,
49, 173, 68, 44, 32,
65, 173, 108, 80, 68,
81, 173, 68, 44, 32,
106, 173, 144, 112, 96,
122, 173, 148, 120, 92,
138, 173, 100, 80, 60,
35, 174, 148, 112, 88,
51, 174, 64, 44, 48,
67, 174, 132, 104, 80,
83, 174, 132, 104, 80,
113, 174, 144, 112, 96,
129, 174, 132, 112, 96,
29, 175, 96, 76, 60,
45, 175, 116, 88, 68,
61, 175, 120, 88, 68,
77, 175, 80, 60, 52,
111, 175, 124, 108, 88,
127, 175, 124, 96, 88,
29, 176, 68, 56, 32,
45, 176, 120, 88, 72,
61, 176, 124, 92, 72,
77, 176, 100, 80, 60,
115, 176, 120, 104, 84,
131, 176, 32, 32, 24,
35, 177, 144, 112, 88,
51, 177, 116, 88, 68,
67, 177, 144, 112, 88,
115, 177, 32, 28, 16,
25, 178, 116, 88, 72,
41, 178, 136, 104, 80,
57, 178, 120, 100, 72,
73, 178, 96, 76, 68,
27, 179, 68, 56, 32,
43, 179, 132, 104, 80,
59, 179, 140, 112, 84,
75, 179, 128, 108, 76,
30, 180, 148, 116, 88,
46, 180, 132, 104, 80,
62, 180, 148, 112, 80,
18, 181, 64, 44, 48,
34, 181, 140, 112, 84,
50, 181, 140, 112, 84,
66, 181, 68, 60, 48,
23, 182, 124, 96, 76,
39, 182, 136, 104, 80,
55, 182, 148, 116, 88,
71, 182, 108, 80, 68,
30, 183, 144, 112, 88,
46, 183, 136, 104, 80,
62, 183, 68, 44, 32,
22, 184, 116, 96, 68,
38, 184, 132, 104, 80,
54, 184, 148, 116, 88,
70, 184, 32, 16, 12,
30, 185, 144, 112, 88,
46, 185, 144, 112, 88,
62, 185, 136, 108, 80,
24, 186, 48, 44, 48,
40, 186, 144, 112, 88,
56, 186, 68, 44, 32,
19, 187, 104, 76, 60,
35, 187, 140, 108, 80,
51, 187, 104, 88, 68,
16, 188, 96, 76, 60,
32, 188, 148, 116, 88,
48, 188, 128, 96, 76,
14, 189, 80, 60, 64,
30, 189, 144, 112, 88,
46, 189, 92, 64, 64,
13, 190, 92, 76, 60,
29, 190, 140, 112, 88,
45, 190, 60, 32, 36,
14, 191, 80, 60, 64,
30, 191, 104, 88, 68,
46, 191, 132, 112, 84,
16, 192, 92, 76, 60,
32, 192, 56, 56, 48,
48, 192, 132, 96, 80,
20, 193, 116, 96, 72,
36, 193, 80, 60, 52,
52, 193, 40, 32, 20,
26, 194, 124, 96, 88,
42, 194, 128, 108, 76,
17, 195, 104, 88, 68,
33, 195, 140, 112, 88,
10, 196, 56, 48, 28,
26, 196, 132, 96, 80,
42, 196, 100, 80, 60,
22, 197, 124, 100, 80,
38, 197, 116, 92, 64,
20, 198, 116, 88, 68,
36, 198, 104, 88, 68,
20, 199, 116, 88, 72,
36, 199, 80, 68, 40,
23, 200, 112, 92, 68,
13, 201, 104, 76, 60,
29, 201, 96, 76, 60,
24, 202, 96, 76, 60,
24, 203, 40, 44, 28,
