44, 24, 52, 0, 16,
120, 34, 44, 0, 16,
55, 42, 44, 0, 16,
129, 45, 44, 0, 16,
127, 49, 64, 0, 8,
92, 51, 52, 4, 4,
103, 52, 56, 28, 24,
128, 52, 68, 4, 4,
116, 53, 44, 0, 16,
105, 54, 56, 28, 24,
123, 54, 64, 0, 4,
102, 55, 52, 12, 0,
111, 55, 68, 4, 4,
217, 55, 52, 0, 16,
104, 56, 84, 28, 24,
115, 56, 64, 12, 0,
125, 56, 64, 0, 4,
102, 57, 76, 8, 8,
111, 57, 80, 12, 4,
120, 57, 88, 28, 4,
61, 58, 52, 4, 4,
101, 58, 80, 4, 0,
110, 58, 80, 12, 0,
119, 58, 116, 48, 24,
40, 59, 40, 12, 16,
99, 59, 80, 0, 4,
109, 59, 88, 28, 4,
118, 59, 116, 32, 4,
92, 60, 96, 0, 0,
101, 60, 80, 12, 0,
110, 60, 144, 32, 20,
119, 60, 116, 48, 4,
93, 61, 108, 4, 0,
102, 61, 144, 48, 72,
111, 61, 144, 48, 72,
120, 61, 120, 36, 0,
90, 62, 100, 4, 0,
99, 62, 116, 48, 24,
108, 62, 144, 100, 80,
117, 62, 108, 20, 0,
126, 62, 88, 16, 0,
93, 63, 116, 32, 24,
102, 63, 144, 48, 72,
111, 63, 168, 112, 124,
120, 63, 92, 0, 0,
137, 63, 56, 0, 4,
93, 64, 88, 16, 0,
102, 64, 108, 72, 104,
111, 64, 168, 112, 124,
120, 64, 96, 16, 0,
129, 64, 64, 0, 4,
91, 65, 96, 28, 4,
100, 65, 104, 68, 56,
109, 65, 160, 108, 176,
118, 65, 56, 28, 24,
127, 65, 108, 4, 0,
88, 66, 108, 32, 0,
97, 66, 84, 28, 24,
106, 66, 244, 212, 244,
115, 66, 84, 44, 16,
124, 66, 116, 32, 4,
83, 67, 88, 4, 0,
92, 67, 76, 0, 4,
101, 67, 104, 100, 56,
110, 67, 160, 108, 176,
119, 67, 52, 12, 0,
130, 67, 92, 0, 0,
87, 68, 96, 28, 4,
98, 68, 84, 44, 16,
107, 68, 244, 248, 248,
116, 68, 116, 48, 24,
128, 68, 116, 16, 4,
85, 69, 88, 16, 0,
99, 69, 104, 68, 56,
108, 69, 244, 248, 248,
117, 69, 112, 44, 56,
128, 69, 108, 12, 0,
148, 69, 64, 0, 8,
86, 70, 96, 28, 4,
101, 70, 140, 96, 124,
110, 70, 244, 212, 244,
119, 70, 52, 4, 4,
131, 70, 104, 0, 4,
142, 70, 52, 4, 4,
88, 71, 56, 0, 4,
98, 71, 104, 68, 56,
107, 71, 244, 248, 248,
116, 71, 92, 44, 56,
128, 71, 76, 0, 4,
137, 71, 100, 4, 0,
79, 72, 96, 28, 4,
94, 72, 96, 0, 0,
103, 72, 184, 184, 180,
112, 72, 108, 72, 104,
123, 72, 76, 0, 0,
135, 72, 108, 12, 0,
77, 73, 76, 28, 4,
95, 73, 88, 8, 8,
104, 73, 184, 184, 180,
113, 73, 108, 72, 104,
126, 73, 88, 0, 4,
138, 73, 84, 0, 0,
74, 74, 92, 0, 0,
92, 74, 60, 0, 0,
102, 74, 144, 100, 80,
111, 74, 168, 112, 124,
120, 74, 76, 8, 8,
134, 74, 88, 16, 0,
143, 74, 68, 0, 0,
74, 75, 68, 4, 4,
94, 75, 72, 0, 0,
104, 75, 140, 96, 124,
113, 75, 104, 68, 56,
122, 75, 88, 0, 4,
137, 75, 112, 4, 0,
183, 75, 44, 0, 16,
91, 76, 60, 0, 0,
102, 76, 104, 100, 56,
111, 76, 104, 68, 56,
121, 76, 88, 8, 8,
135, 76, 96, 28, 4,
144, 76, 52, 12, 4,
76, 77, 104, 0, 0,
102, 77, 104, 68, 56,
111, 77, 144, 48, 20,
120, 77, 64, 0, 0,
139, 77, 108, 12, 0,
72, 78, 88, 16, 0,
95, 78, 64, 12, 8,
105, 78, 104, 68, 56,
114, 78, 104, 68, 56,
128, 78, 60, 0, 4,
142, 78, 80, 4, 0,
179, 78, 72, 0, 0,
92, 79, 52, 12, 4,
102, 79, 84, 44, 16,
111, 79, 88, 8, 8,
121, 79, 68, 4, 4,
138, 79, 116, 32, 24,
161, 79, 60, 4, 0,
69, 80, 76, 28, 4,
96, 80, 80, 0, 4,
106, 80, 84, 44, 16,
117, 80, 108, 20, 0,
128, 80, 60, 4, 0,
142, 80, 96, 0, 0,
166, 80, 104, 12, 4,
70, 81, 76, 28, 4,
106, 81, 56, 28, 4,
115, 81, 100, 4, 0,
124, 81, 80, 4, 0,
137, 81, 80, 0, 4,
155, 81, 68, 4, 0,
179, 81, 84, 0, 0,
74, 82, 84, 44, 16,
108, 82, 76, 28, 4,
117, 82, 88, 8, 8,
126, 82, 64, 12, 0,
138, 82, 68, 4, 0,
151, 82, 64, 0, 0,
170, 82, 88, 8, 8,
70, 83, 68, 4, 0,
104, 83, 52, 4, 4,
119, 83, 76, 8, 8,
128, 83, 88, 28, 4,
137, 83, 72, 0, 0,
151, 83, 84, 0, 4,
160, 83, 60, 4, 0,
178, 83, 96, 4, 0,
71, 84, 92, 0, 0,
102, 84, 60, 4, 0,
118, 84, 68, 4, 0,
127, 84, 96, 28, 4,
136, 84, 80, 0, 0,
145, 84, 80, 0, 0,
159, 84, 68, 4, 0,
180, 84, 96, 28, 4,
71, 85, 88, 0, 0,
114, 85, 68, 0, 4,
123, 85, 116, 16, 4,
132, 85, 104, 0, 4,
141, 85, 108, 0, 0,
150, 85, 72, 0, 0,
159, 85, 72, 0, 0,
183, 85, 112, 4, 0,
75, 86, 52, 12, 16,
114, 86, 52, 12, 4,
123, 86, 108, 20, 0,
132, 86, 124, 0, 0,
141, 86, 120, 4, 0,
150, 86, 64, 0, 0,
159, 86, 76, 0, 0,
193, 86, 72, 0, 4,
116, 87, 84, 0, 4,
125, 87, 148, 36, 0,
134, 87, 124, 8, 4,
143, 87, 124, 16, 4,
157, 87, 60, 0, 0,
193, 87, 104, 0, 4,
113, 88, 64, 0, 4,
122, 88, 136, 24, 0,
131, 88, 172, 36, 4,
140, 88, 136, 24, 0,
149, 88, 76, 0, 0,
186, 88, 100, 0, 0,
64, 89, 88, 0, 0,
113, 89, 80, 0, 4,
122, 89, 180, 72, 8,
131, 89, 196, 84, 0,
140, 89, 144, 48, 0,
149, 89, 88, 0, 0,
188, 89, 60, 0, 4,
64, 90, 100, 0, 0,
102, 90, 64, 0, 8,
112, 90, 96, 0, 0,
121, 90, 180, 88, 8,
130, 90, 216, 116, 8,
139, 90, 180, 88, 8,
148, 90, 120, 4, 0,
182, 90, 76, 0, 4,
193, 90, 88, 0, 0,
68, 91, 68, 4, 4,
109, 91, 80, 0, 0,
118, 91, 144, 48, 0,
127, 91, 232, 132, 0,
136, 91, 216, 104, 12,
145, 91, 132, 0, 0,
184, 91, 60, 4, 0,
193, 91, 72, 0, 4,
105, 92, 60, 0, 0,
114, 92, 124, 16, 4,
123, 92, 232, 132, 0,
132, 92, 244, 112, 0,
141, 92, 196, 84, 0,
150, 92, 92, 0, 0,
62, 93, 84, 0, 4,
109, 93, 108, 0, 0,
118, 93, 204, 112, 8,
127, 93, 240, 112, 4,
136, 93, 232, 112, 0,
145, 93, 124, 16, 4,
191, 93, 80, 12, 4,
67, 94, 56, 0, 4,
109, 94, 112, 0, 0,
118, 94, 216, 116, 8,
127, 94, 172, 36, 20,
136, 94, 232, 112, 0,
145, 94, 164, 56, 8,
160, 94, 52, 4, 4,
103, 95, 68, 4, 4,
112, 95, 120, 24, 0,
121, 95, 216, 104, 0,
130, 95, 172, 36, 20,
139, 95, 240, 144, 8,
148, 95, 148, 28, 0,
103, 96, 60, 4, 4,
112, 96, 164, 56, 8,
121, 96, 180, 72, 8,
130, 96, 116, 0, 0,
139, 96, 216, 128, 12,
148, 96, 144, 32, 20,
200, 96, 60, 4, 4,
110, 97, 124, 16, 4,
119, 97, 216, 104, 0,
128, 97, 116, 4, 0,
137, 97, 180, 56, 8,
146, 97, 164, 72, 8,
199, 97, 64, 0, 4,
103, 98, 64, 0, 0,
112, 98, 180, 88, 8,
121, 98, 148, 36, 0,
130, 98, 108, 0, 0,
139, 98, 196, 84, 0,
148, 98, 148, 36, 0,
176, 98, 56, 0, 4,
92, 99, 64, 0, 4,
109, 99, 80, 0, 0,
118, 99, 228, 84, 12,
127, 99, 100, 0, 0,
136, 99, 148, 36, 0,
145, 99, 196, 84, 0,
154, 99, 64, 0, 8,
60, 100, 52, 4, 4,
100, 100, 72, 0, 0,
109, 100, 88, 16, 0,
118, 100, 180, 72, 8,
127, 100, 88, 0, 0,
136, 100, 148, 36, 0,
145, 100, 216, 104, 12,
154, 100, 80, 0, 4,
58, 101, 104, 0, 4,
101, 101, 84, 0, 0,
110, 101, 116, 72, 16,
119, 101, 172, 36, 4,
128, 101, 92, 0, 0,
137, 101, 144, 48, 0,
146, 101, 232, 112, 0,
155, 101, 64, 0, 0,
58, 102, 120, 4, 0,
100, 102, 80, 0, 0,
109, 102, 116, 48, 4,
118, 102, 156, 8, 8,
127, 102, 80, 0, 0,
136, 102, 128, 0, 0,
145, 102, 232, 112, 0,
154, 102, 76, 0, 0,
197, 102, 88, 0, 4,
62, 103, 72, 0, 0,
104, 103, 100, 0, 0,
113, 103, 216, 116, 8,
122, 103, 92, 0, 0,
131, 103, 108, 12, 0,
140, 103, 164, 56, 8,
149, 103, 180, 72, 8,
191, 103, 56, 0, 4,
57, 104, 68, 4, 4,
100, 104, 112, 0, 0,
109, 104, 164, 88, 8,
118, 104, 132, 0, 0,
127, 104, 96, 0, 0,
136, 104, 124, 0, 0,
145, 104, 232, 132, 0,
154, 104, 96, 0, 0,
197, 104, 88, 4, 0,
59, 105, 108, 0, 0,
105, 105, 96, 0, 0,
114, 105, 216, 104, 12,
123, 105, 92, 0, 0,
132, 105, 136, 12, 0,
141, 105, 180, 56, 8,
150, 105, 180, 56, 8,
194, 105, 52, 4, 4,
55, 106, 52, 4, 4,
100, 106, 68, 4, 4,
109, 106, 180, 88, 8,
118, 106, 132, 0, 0,
127, 106, 116, 0, 0,
136, 106, 104, 0, 0,
145, 106, 216, 104, 0,
154, 106, 104, 12, 4,
201, 106, 88, 0, 4,
99, 107, 60, 4, 0,
108, 107, 180, 72, 8,
117, 107, 140, 0, 0,
126, 107, 112, 0, 0,
135, 107, 104, 0, 0,
144, 107, 196, 84, 0,
153, 107, 124, 8, 4,
199, 107, 88, 0, 0,
59, 108, 104, 16, 0,
106, 108, 136, 36, 0,
115, 108, 172, 36, 4,
124, 108, 116, 4, 0,
133, 108, 120, 0, 8,
142, 108, 180, 56, 8,
151, 108, 148, 28, 0,
195, 108, 56, 28, 4,
57, 109, 120, 0, 0,
105, 109, 144, 48, 0,
114, 109, 176, 12, 20,
123, 109, 112, 0, 0,
132, 109, 136, 12, 0,
141, 109, 136, 12, 0,
150, 109, 180, 72, 8,
162, 109, 64, 0, 0,
57, 110, 96, 4, 0,
105, 110, 116, 48, 4,
114, 110, 156, 8, 8,
123, 110, 116, 0, 0,
132, 110, 136, 12, 0,
141, 110, 136, 12, 0,
150, 110, 180, 72, 8,
159, 110, 60, 4, 0,
100, 111, 68, 0, 4,
109, 111, 240, 144, 8,
118, 111, 100, 4, 0,
127, 111, 176, 12, 20,
136, 111, 104, 0, 0,
145, 111, 232, 112, 0,
154, 111, 108, 0, 0,
58, 112, 88, 8, 8,
101, 112, 108, 20, 0,
110, 112, 232, 132, 0,
119, 112, 100, 4, 0,
128, 112, 224, 48, 16,
137, 112, 104, 0, 0,
146, 112, 232, 112, 0,
155, 112, 96, 0, 0,
57, 113, 76, 0, 0,
102, 113, 116, 48, 4,
111, 113, 216, 104, 12,
120, 113, 112, 0, 0,
129, 113, 228, 84, 12,
138, 113, 104, 0, 4,
147, 113, 240, 112, 4,
156, 113, 104, 0, 4,
201, 113, 104, 4, 0,
98, 114, 68, 4, 0,
107, 114, 204, 112, 8,
116, 114, 96, 16, 0,
125, 114, 196, 84, 72,
134, 114, 132, 0, 0,
143, 114, 148, 28, 0,
152, 114, 148, 36, 0,
192, 114, 80, 12, 4,
58, 115, 68, 0, 0,
103, 115, 196, 84, 16,
112, 115, 156, 8, 8,
121, 115, 136, 12, 12,
130, 115, 196, 84, 72,
139, 115, 108, 0, 0,
148, 115, 232, 112, 0,
157, 115, 80, 0, 0,
56, 116, 64, 0, 4,
101, 116, 96, 0, 0,
110, 116, 228, 84, 12,
119, 116, 100, 4, 0,
128, 116, 248, 132, 8,
137, 116, 104, 0, 4,
146, 116, 232, 132, 0,
155, 116, 116, 0, 0,
203, 116, 60, 4, 4,
100, 117, 96, 0, 0,
109, 117, 244, 112, 0,
118, 117, 104, 0, 0,
127, 117, 240, 160, 8,
136, 117, 120, 0, 8,
145, 117, 232, 132, 12,
154, 117, 140, 0, 0,
200, 117, 68, 4, 4,
93, 118, 80, 0, 4,
103, 118, 116, 32, 4,
112, 118, 156, 8, 8,
121, 118, 140, 0, 0,
130, 118, 196, 84, 72,
139, 118, 108, 4, 0,
148, 118, 216, 104, 12,
157, 118, 88, 0, 0,
202, 118, 104, 0, 0,
94, 119, 84, 0, 0,
103, 119, 108, 12, 0,
112, 119, 156, 8, 8,
121, 119, 136, 24, 0,
130, 119, 224, 48, 16,
139, 119, 112, 0, 0,
148, 119, 232, 112, 0,
157, 119, 84, 0, 0,
203, 119, 76, 0, 4,
94, 120, 72, 0, 4,
103, 120, 112, 4, 0,
112, 120, 148, 28, 0,
121, 120, 136, 24, 0,
130, 120, 172, 36, 20,
139, 120, 132, 0, 0,
148, 120, 228, 84, 12,
157, 120, 84, 0, 4,
204, 120, 68, 0, 4,
97, 121, 76, 0, 0,
106, 121, 180, 72, 8,
115, 121, 104, 12, 4,
124, 121, 196, 84, 16,
133, 121, 124, 0, 0,
142, 121, 196, 84, 16,
151, 121, 148, 28, 0,
162, 121, 80, 12, 4,
54, 122, 96, 0, 0,
101, 122, 108, 0, 0,
110, 122, 224, 48, 16,
119, 122, 96, 16, 0,
128, 122, 136, 12, 0,
137, 122, 120, 4, 0,
146, 122, 240, 144, 8,
155, 122, 124, 8, 4,
202, 122, 92, 0, 0,
100, 123, 88, 0, 4,
109, 123, 236, 112, 24,
118, 123, 100, 4, 0,
127, 123, 136, 12, 12,
136, 123, 104, 4, 0,
145, 123, 240, 144, 8,
154, 123, 124, 0, 0,
192, 123, 68, 0, 0,
57, 124, 104, 4, 0,
105, 124, 144, 48, 0,
114, 124, 112, 0, 0,
123, 124, 148, 28, 0,
132, 124, 100, 0, 0,
141, 124, 136, 24, 0,
150, 124, 164, 72, 8,
162, 124, 64, 0, 0,
54, 125, 96, 0, 0,
101, 125, 92, 0, 0,
110, 125, 224, 48, 16,
119, 125, 108, 12, 0,
128, 125, 84, 0, 0,
137, 125, 124, 8, 4,
146, 125, 232, 132, 0,
155, 125, 88, 16, 0,
205, 125, 60, 0, 0,
75, 126, 52, 12, 16,
105, 126, 164, 72, 8,
114, 126, 112, 0, 0,
123, 126, 136, 12, 0,
132, 126, 104, 0, 0,
141, 126, 164, 56, 8,
150, 126, 164, 72, 8,
199, 126, 52, 4, 4,
56, 127, 112, 0, 0,
103, 127, 124, 8, 4,
112, 127, 156, 8, 8,
121, 127, 136, 12, 0,
130, 127, 84, 0, 0,
139, 127, 148, 28, 0,
148, 127, 196, 84, 0,
157, 127, 60, 0, 0,
55, 128, 112, 4, 0,
102, 128, 100, 0, 0,
111, 128, 196, 48, 12,
120, 128, 108, 12, 0,
129, 128, 88, 0, 4,
138, 128, 140, 0, 0,
147, 128, 196, 84, 0,
156, 128, 84, 0, 4,
204, 128, 104, 0, 4,
99, 129, 72, 0, 0,
108, 129, 232, 112, 0,
117, 129, 124, 16, 4,
126, 129, 88, 0, 0,
135, 129, 112, 0, 0,
144, 129, 240, 144, 8,
153, 129, 124, 0, 0,
202, 129, 124, 16, 4,
59, 130, 104, 12, 4,
103, 130, 108, 32, 0,
112, 130, 228, 84, 12,
121, 130, 108, 0, 0,
130, 130, 104, 0, 0,
139, 130, 236, 112, 24,
148, 130, 144, 48, 0,
157, 130, 88, 0, 0,
58, 131, 116, 4, 0,
104, 131, 116, 48, 4,
113, 131, 228, 84, 12,
122, 131, 120, 4, 0,
131, 131, 116, 8, 4,
140, 131, 232, 132, 0,
149, 131, 136, 36, 0,
158, 131, 64, 0, 4,
57, 132, 172, 36, 4,
105, 132, 120, 36, 0,
114, 132, 196, 48, 12,
123, 132, 132, 0, 0,
132, 132, 116, 16, 4,
141, 132, 232, 132, 0,
150, 132, 144, 48, 0,
198, 132, 52, 4, 4,
211, 132, 72, 0, 4,
96, 133, 60, 4, 0,
107, 133, 180, 88, 8,
116, 133, 172, 36, 20,
125, 133, 116, 4, 0,
134, 133, 136, 36, 0,
143, 133, 216, 104, 0,
152, 133, 136, 36, 0,
202, 133, 120, 4, 0,
59, 134, 108, 32, 0,
105, 134, 136, 36, 0,
114, 134, 228, 84, 12,
123, 134, 120, 4, 0,
132, 134, 120, 24, 0,
141, 134, 232, 112, 0,
150, 134, 124, 16, 4,
200, 134, 64, 12, 0,
58, 135, 108, 0, 0,
103, 135, 104, 16, 0,
112, 135, 248, 132, 8,
121, 135, 148, 28, 0,
130, 135, 112, 0, 0,
139, 135, 240, 144, 8,
148, 135, 136, 36, 0,
198, 135, 56, 0, 4,
57, 136, 140, 0, 0,
98, 136, 84, 0, 0,
107, 136, 164, 56, 8,
116, 136, 224, 48, 16,
125, 136, 124, 8, 4,
134, 136, 196, 48, 12,
143, 136, 164, 56, 8,
152, 136, 112, 0, 0,
54, 137, 68, 4, 0,
98, 137, 80, 0, 4,
107, 137, 116, 48, 4,
116, 137, 228, 84, 12,
125, 137, 136, 12, 0,
134, 137, 232, 132, 12,
143, 137, 164, 72, 8,
152, 137, 116, 32, 24,
201, 137, 88, 4, 0,
60, 138, 60, 0, 0,
106, 138, 116, 48, 4,
115, 138, 232, 112, 0,
124, 138, 172, 36, 20,
133, 138, 216, 104, 12,
142, 138, 180, 72, 8,
151, 138, 120, 36, 0,
200, 138, 96, 16, 0,
61, 139, 76, 8, 8,
106, 139, 104, 16, 0,
115, 139, 232, 112, 0,
124, 139, 224, 48, 16,
133, 139, 240, 144, 8,
142, 139, 180, 56, 8,
151, 139, 144, 48, 0,
191, 139, 60, 4, 0,
56, 140, 96, 16, 0,
98, 140, 64, 12, 8,
107, 140, 116, 16, 4,
116, 140, 232, 112, 0,
125, 140, 228, 84, 12,
134, 140, 240, 160, 8,
143, 140, 144, 76, 8,
152, 140, 116, 48, 4,
196, 140, 60, 0, 4,
58, 141, 124, 8, 4,
104, 141, 80, 12, 0,
113, 141, 204, 112, 8,
122, 141, 244, 112, 0,
131, 141, 240, 144, 8,
140, 141, 180, 72, 8,
149, 141, 120, 36, 0,
193, 141, 52, 12, 16,
56, 142, 96, 16, 0,
107, 142, 108, 12, 0,
116, 142, 204, 112, 8,
125, 142, 244, 112, 0,
134, 142, 232, 132, 0,
143, 142, 144, 48, 20,
152, 142, 108, 32, 0,
199, 142, 92, 0, 0,
61, 143, 80, 0, 0,
109, 143, 136, 36, 0,
118, 143, 216, 116, 8,
127, 143, 240, 144, 8,
136, 143, 196, 84, 0,
145, 143, 112, 0, 0,
154, 143, 64, 12, 0,
56, 144, 80, 4, 0,
105, 144, 72, 0, 4,
114, 144, 180, 72, 8,
123, 144, 216, 128, 12,
132, 144, 216, 104, 12,
141, 144, 136, 36, 0,
150, 144, 88, 0, 0,
196, 144, 84, 0, 4,
58, 145, 116, 4, 0,
109, 145, 96, 28, 4,
118, 145, 204, 112, 8,
127, 145, 204, 112, 8,
136, 145, 180, 72, 8,
145, 145, 108, 0, 0,
154, 145, 56, 28, 24,
200, 145, 84, 0, 0,
103, 146, 60, 4, 4,
116, 146, 164, 88, 8,
125, 146, 180, 88, 8,
134, 146, 180, 72, 8,
143, 146, 128, 0, 0,
152, 146, 64, 0, 8,
60, 147, 124, 8, 4,
112, 147, 116, 32, 4,
121, 147, 216, 104, 0,
130, 147, 180, 72, 8,
139, 147, 144, 48, 0,
148, 147, 108, 0, 0,
199, 147, 108, 12, 0,
64, 148, 68, 0, 0,
115, 148, 104, 16, 0,
124, 148, 180, 108, 8,
133, 148, 180, 72, 8,
142, 148, 108, 12, 0,
151, 148, 76, 0, 0,
58, 149, 64, 12, 0,
109, 149, 64, 0, 0,
118, 149, 180, 72, 8,
127, 149, 180, 72, 8,
136, 149, 164, 88, 8,
145, 149, 124, 8, 4,
195, 149, 84, 0, 0,
62, 150, 100, 0, 0,
114, 150, 112, 4, 0,
123, 150, 144, 76, 8,
132, 150, 144, 48, 0,
141, 150, 136, 36, 0,
150, 150, 88, 0, 4,
197, 150, 112, 4, 0,
64, 151, 72, 0, 0,
118, 151, 180, 88, 8,
127, 151, 164, 88, 8,
136, 151, 144, 76, 8,
145, 151, 96, 4, 0,
195, 151, 104, 12, 4,
62, 152, 108, 0, 0,
117, 152, 148, 36, 0,
126, 152, 144, 76, 8,
135, 152, 116, 48, 4,
144, 152, 116, 0, 0,
162, 152, 52, 12, 16,
198, 152, 112, 0, 0,
61, 153, 80, 0, 0,
117, 153, 108, 32, 0,
126, 153, 116, 48, 4,
135, 153, 116, 16, 4,
144, 153, 116, 0, 0,
176, 153, 48, 8, 32,
200, 153, 76, 8, 8,
65, 154, 92, 0, 0,
117, 154, 108, 32, 0,
126, 154, 116, 48, 4,
135, 154, 96, 16, 0,
144, 154, 128, 0, 0,
187, 154, 52, 0, 16,
215, 154, 52, 12, 4,
113, 155, 60, 0, 0,
122, 155, 144, 48, 0,
131, 155, 88, 4, 0,
140, 155, 120, 24, 0,
149, 155, 56, 0, 4,
197, 155, 116, 48, 24,
67, 156, 84, 0, 0,
121, 156, 148, 36, 0,
130, 156, 80, 4, 0,
140, 156, 120, 36, 0,
176, 156, 32, 12, 16,
199, 156, 88, 0, 4,
116, 157, 76, 8, 8,
125, 157, 116, 32, 4,
136, 157, 80, 12, 4,
146, 157, 64, 0, 0,
192, 157, 80, 12, 4,
63, 158, 68, 4, 4,
122, 158, 120, 36, 0,
135, 158, 80, 4, 0,
144, 158, 60, 4, 0,
190, 158, 32, 28, 20,
63, 159, 52, 4, 4,
123, 159, 120, 24, 0,
132, 159, 84, 0, 0,
141, 159, 96, 16, 0,
184, 159, 44, 0, 16,
195, 159, 80, 4, 0,
64, 160, 68, 4, 4,
122, 160, 108, 20, 0,
131, 160, 96, 0, 0,
141, 160, 80, 4, 0,
191, 160, 96, 28, 4,
208, 160, 60, 4, 4,
120, 161, 120, 4, 0,
129, 161, 84, 0, 0,
139, 161, 72, 0, 0,
189, 161, 68, 36, 56,
200, 161, 56, 28, 24,
209, 161, 60, 4, 0,
125, 162, 100, 4, 0,
134, 162, 64, 0, 0,
187, 162, 36, 36, 56,
197, 162, 40, 12, 16,
206, 162, 76, 28, 4,
119, 163, 76, 0, 0,
129, 163, 80, 0, 4,
175, 163, 48, 8, 32,
191, 163, 116, 48, 4,
200, 163, 36, 36, 56,
209, 163, 52, 12, 16,
120, 164, 76, 0, 0,
131, 164, 64, 0, 4,
184, 164, 32, 12, 16,
193, 164, 92, 44, 56,
204, 164, 84, 44, 16,
79, 165, 76, 0, 4,
121, 165, 72, 0, 0,
130, 165, 96, 0, 0,
181, 165, 36, 8, 60,
191, 165, 92, 44, 56,
204, 165, 84, 44, 16,
81, 166, 68, 4, 0,
123, 166, 96, 4, 0,
132, 166, 88, 4, 0,
184, 166, 8, 40, 36,
193, 166, 68, 36, 56,
205, 166, 84, 44, 16,
83, 167, 80, 0, 4,
128, 167, 80, 4, 0,
171, 167, 64, 0, 8,
188, 167, 108, 72, 104,
197, 167, 36, 8, 60,
206, 167, 116, 32, 24,
123, 168, 100, 0, 0,
132, 168, 68, 0, 4,
179, 168, 60, 56, 112,
188, 168, 108, 72, 104,
198, 168, 92, 44, 56,
90, 169, 56, 28, 24,
123, 169, 80, 0, 0,
132, 169, 64, 0, 8,
183, 169, 68, 36, 56,
192, 169, 104, 68, 56,
201, 169, 60, 56, 112,
91, 170, 116, 48, 4,
121, 170, 64, 0, 0,
152, 170, 72, 0, 4,
185, 170, 144, 48, 72,
194, 170, 56, 28, 24,
203, 170, 72, 76, 52,
92, 171, 164, 88, 8,
114, 171, 60, 0, 0,
129, 171, 88, 0, 0,
180, 171, 68, 36, 56,
189, 171, 168, 112, 124,
198, 171, 104, 100, 56,
88, 172, 56, 28, 4,
97, 172, 52, 12, 0,
123, 172, 88, 0, 0,
132, 172, 68, 4, 0,
179, 172, 92, 44, 56,
188, 172, 168, 112, 124,
197, 172, 92, 128, 120,
206, 172, 36, 8, 60,
94, 173, 180, 108, 8,
116, 173, 60, 0, 0,
128, 173, 116, 16, 4,
173, 173, 36, 8, 60,
183, 173, 144, 100, 80,
192, 173, 168, 112, 124,
201, 173, 68, 36, 56,
92, 174, 116, 72, 16,
113, 174, 60, 4, 0,
126, 174, 120, 36, 0,
160, 174, 52, 4, 4,
179, 174, 92, 44, 56,
188, 174, 104, 140, 176,
197, 174, 168, 112, 124,
206, 174, 36, 8, 60,
115, 175, 64, 0, 0,
130, 175, 80, 0, 4,
169, 175, 56, 28, 24,
178, 175, 92, 44, 56,
187, 175, 184, 184, 180,
196, 175, 104, 140, 176,
205, 175, 32, 12, 16,
128, 176, 80, 0, 0,
169, 176, 56, 28, 24,
178, 176, 92, 44, 56,
187, 176, 196, 208, 244,
196, 176, 104, 140, 176,
205, 176, 76, 8, 40,
130, 177, 76, 0, 0,
169, 177, 56, 60, 20,
178, 177, 92, 44, 56,
187, 177, 196, 208, 244,
196, 177, 104, 140, 176,
205, 177, 56, 28, 24,
132, 178, 96, 28, 4,
168, 178, 56, 28, 4,
177, 178, 112, 44, 56,
186, 178, 196, 208, 244,
195, 178, 196, 208, 244,
128, 179, 68, 4, 0,
137, 179, 60, 4, 0,
174, 179, 92, 44, 56,
183, 179, 104, 140, 176,
192, 179, 244, 212, 244,
201, 179, 68, 36, 56,
130, 180, 80, 12, 0,
167, 180, 80, 12, 4,
176, 180, 112, 44, 56,
185, 180, 244, 212, 244,
194, 180, 196, 208, 244,
203, 180, 32, 28, 4,
132, 181, 116, 32, 24,
166, 181, 88, 8, 8,
175, 181, 116, 72, 16,
184, 181, 184, 184, 180,
193, 181, 244, 248, 248,
202, 181, 36, 36, 56,
131, 182, 68, 0, 0,
140, 182, 60, 4, 4,
164, 182, 64, 12, 8,
173, 182, 92, 44, 56,
182, 182, 144, 100, 80,
191, 182, 244, 248, 248,
200, 182, 72, 76, 52,
131, 183, 60, 0, 0,
140, 183, 60, 4, 4,
162, 183, 76, 8, 8,
171, 183, 116, 48, 24,
180, 183, 92, 128, 120,
189, 183, 244, 248, 248,
198, 183, 60, 56, 112,
131, 184, 56, 0, 4,
140, 184, 76, 0, 0,
161, 184, 72, 0, 4,
170, 184, 116, 48, 4,
179, 184, 72, 76, 52,
188, 184, 244, 248, 248,
197, 184, 168, 112, 124,
206, 184, 52, 0, 16,
136, 185, 88, 0, 4,
145, 185, 52, 12, 4,
158, 185, 76, 0, 0,
167, 185, 116, 48, 4,
176, 185, 84, 28, 24,
185, 185, 104, 140, 176,
194, 185, 104, 140, 176,
203, 185, 32, 28, 20,
141, 186, 136, 36, 0,
151, 186, 104, 12, 4,
160, 186, 88, 4, 0,
169, 186, 84, 44, 16,
182, 186, 60, 56, 112,
191, 186, 104, 140, 176,
200, 186, 72, 76, 52,
141, 187, 144, 48, 20,
150, 187, 92, 0, 0,
159, 187, 100, 4, 0,
168, 187, 76, 28, 4,
182, 187, 60, 56, 112,
191, 187, 104, 140, 176,
200, 187, 72, 76, 52,
140, 188, 108, 32, 0,
149, 188, 88, 4, 0,
158, 188, 104, 0, 0,
167, 188, 68, 4, 4,
183, 188, 108, 72, 104,
192, 188, 92, 128, 120,
201, 188, 36, 36, 56,
144, 189, 88, 4, 0,
153, 189, 100, 4, 0,
162, 189, 104, 0, 4,
174, 189, 32, 12, 16,
183, 189, 60, 56, 112,
192, 189, 72, 76, 52,
201, 189, 60, 56, 112,
143, 190, 64, 0, 8,
152, 190, 88, 4, 0,
161, 190, 80, 0, 0,
176, 190, 32, 28, 20,
185, 190, 44, 80, 52,
194, 190, 72, 76, 52,
203, 190, 8, 40, 36,
151, 191, 72, 0, 0,
162, 191, 60, 0, 4,
179, 191, 36, 8, 60,
188, 191, 44, 80, 52,
198, 191, 72, 76, 52,
157, 192, 68, 4, 4,
175, 192, 56, 60, 20,
184, 192, 84, 68, 20,
193, 192, 36, 36, 56,
202, 192, 8, 40, 36,
178, 193, 32, 60, 16,
189, 193, 32, 60, 16,
198, 193, 56, 60, 20,
175, 194, 116, 72, 16,
188, 194, 56, 60, 20,
198, 194, 44, 80, 52,
147, 195, 40, 12, 16,
181, 195, 56, 28, 24,
196, 195, 8, 40, 36,
178, 196, 32, 28, 4,
189, 196, 64, 12, 8,
202, 196, 32, 28, 20,
183, 197, 32, 28, 20,
192, 197, 36, 8, 60,
176, 198, 64, 12, 8,
155, 199, 44, 0, 16,
188, 200, 28, 8, 32,
213, 201, 40, 12, 16,
176, 206, 52, 0, 16,
