60, 26, 68, 64, 72,
61, 28, 148, 144, 144,
66, 29, 48, 60, 56,
60, 31, 184, 192, 196,
59, 32, 200, 212, 212,
67, 32, 8, 16, 12,
64, 33, 80, 104, 104,
61, 34, 68, 76, 76,
68, 34, 0, 0, 0,
65, 35, 0, 0, 0,
72, 35, 100, 104, 108,
64, 36, 0, 4, 4,
71, 36, 48, 60, 56,
78, 36, 0, 0, 0,
66, 37, 24, 32, 32,
73, 37, 20, 40, 36,
80, 37, 0, 8, 0,
64, 38, 120, 120, 120,
71, 38, 0, 0, 0,
78, 38, 144, 180, 172,
85, 38, 0, 0, 0,
70, 39, 80, 104, 104,
77, 39, 176, 212, 208,
84, 39, 0, 24, 24,
67, 40, 144, 168, 168,
75, 40, 172, 216, 216,
82, 40, 152, 196, 192,
89, 40, 160, 172, 172,
71, 41, 80, 104, 104,
78, 41, 184, 236, 232,
85, 41, 112, 148, 144,
67, 42, 32, 52, 52,
75, 42, 160, 204, 204,
82, 42, 184, 224, 224,
89, 42, 0, 0, 0,
70, 43, 180, 220, 216,
77, 43, 152, 188, 192,
84, 43, 176, 216, 220,
91, 43, 44, 44, 44,
73, 44, 40, 64, 68,
81, 44, 204, 236, 240,
88, 44, 144, 180, 184,
68, 45, 184, 192, 196,
76, 45, 16, 16, 24,
83, 45, 208, 236, 240,
90, 45, 40, 64, 68,
69, 46, 128, 128, 132,
77, 46, 0, 0, 0,
84, 46, 204, 236, 232,
91, 46, 108, 128, 132,
69, 47, 184, 180, 180,
76, 47, 192, 232, 228,
83, 47, 204, 236, 236,
90, 47, 144, 180, 184,
98, 47, 160, 160, 160,
76, 48, 152, 196, 192,
83, 48, 208, 240, 240,
90, 48, 168, 204, 208,
97, 48, 16, 24, 24,
74, 49, 204, 248, 244,
81, 49, 192, 232, 236,
88, 49, 188, 224, 228,
95, 49, 56, 48, 48,
72, 50, 144, 160, 160,
79, 50, 180, 220, 220,
86, 50, 204, 236, 240,
93, 50, 92, 128, 132,
100, 50, 0, 0, 0,
75, 51, 204, 240, 244,
82, 51, 200, 236, 236,
90, 51, 196, 232, 232,
97, 51, 0, 0, 0,
71, 52, 224, 236, 236,
78, 52, 172, 216, 216,
85, 52, 204, 240, 236,
92, 52, 184, 224, 220,
99, 52, 20, 52, 52,
73, 53, 80, 104, 104,
81, 53, 196, 236, 232,
88, 53, 204, 236, 236,
95, 53, 112, 148, 144,
102, 53, 20, 60, 64,
76, 54, 192, 232, 228,
83, 54, 200, 240, 236,
90, 54, 208, 240, 240,
97, 54, 32, 40, 36,
104, 54, 40, 64, 68,
78, 55, 180, 220, 220,
85, 55, 200, 236, 236,
92, 55, 188, 224, 228,
99, 55, 0, 0, 0,
106, 55, 0, 8, 8,
78, 56, 200, 236, 236,
85, 56, 200, 236, 236,
92, 56, 196, 232, 232,
99, 56, 128, 144, 144,
106, 56, 20, 44, 52,
77, 57, 204, 236, 236,
84, 57, 204, 240, 240,
91, 57, 204, 236, 236,
98, 57, 32, 40, 36,
105, 57, 40, 64, 68,
76, 58, 168, 196, 192,
84, 58, 184, 224, 224,
91, 58, 196, 236, 232,
98, 58, 80, 104, 104,
105, 58, 8, 44, 40,
75, 59, 128, 128, 132,
82, 59, 168, 208, 204,
89, 59, 200, 236, 236,
96, 59, 172, 216, 220,
103, 59, 16, 16, 12,
110, 59, 28, 72, 68,
78, 60, 208, 240, 240,
85, 60, 176, 212, 208,
92, 60, 204, 240, 240,
100, 60, 68, 76, 76,
107, 60, 20, 52, 52,
114, 60, 112, 108, 108,
81, 61, 188, 232, 228,
88, 61, 204, 240, 244,
95, 61, 192, 228, 228,
103, 61, 56, 48, 48,
110, 61, 4, 48, 52,
76, 62, 224, 236, 236,
83, 62, 164, 208, 204,
90, 62, 212, 232, 240,
97, 62, 188, 216, 228,
104, 62, 60, 60, 56,
111, 62, 20, 68, 56,
77, 63, 212, 232, 240,
84, 63, 172, 216, 216,
91, 63, 204, 236, 232,
99, 63, 184, 224, 224,
106, 63, 24, 20, 24,
113, 63, 36, 84, 84,
77, 64, 128, 144, 144,
84, 64, 168, 204, 212,
91, 64, 196, 236, 232,
98, 64, 176, 216, 216,
105, 64, 120, 120, 120,
112, 64, 28, 60, 68,
119, 64, 60, 60, 56,
83, 65, 196, 232, 232,
90, 65, 184, 224, 224,
97, 65, 180, 212, 216,
104, 65, 0, 0, 0,
111, 65, 0, 0, 0,
118, 65, 20, 44, 52,
82, 66, 196, 232, 232,
89, 66, 176, 220, 216,
96, 66, 196, 232, 232,
103, 66, 8, 16, 20,
111, 66, 68, 64, 72,
118, 66, 36, 84, 84,
81, 67, 204, 240, 240,
88, 67, 152, 188, 192,
95, 67, 204, 236, 240,
102, 67, 144, 168, 168,
109, 67, 4, 4, 4,
116, 67, 92, 128, 132,
123, 67, 56, 48, 48,
85, 68, 168, 204, 208,
93, 68, 192, 228, 228,
100, 68, 156, 204, 196,
107, 68, 100, 104, 108,
114, 68, 88, 120, 116,
122, 68, 104, 124, 116,
84, 69, 180, 220, 224,
91, 69, 144, 160, 160,
98, 69, 208, 240, 240,
105, 69, 0, 0, 0,
112, 69, 0, 0, 0,
119, 69, 28, 72, 68,
126, 69, 92, 92, 92,
86, 70, 0, 0, 0,
93, 70, 168, 204, 200,
100, 70, 184, 224, 224,
107, 70, 0, 0, 0,
114, 70, 8, 8, 4,
122, 70, 20, 68, 56,
82, 71, 184, 212, 216,
89, 71, 40, 64, 68,
96, 71, 192, 228, 228,
103, 71, 172, 212, 212,
110, 71, 4, 4, 0,
117, 71, 72, 88, 88,
124, 71, 92, 128, 132,
82, 72, 160, 188, 184,
89, 72, 8, 44, 40,
96, 72, 176, 216, 216,
103, 72, 172, 212, 212,
110, 72, 0, 0, 0,
117, 72, 0, 0, 0,
124, 72, 20, 60, 64,
82, 73, 224, 236, 236,
89, 73, 20, 52, 52,
96, 73, 172, 212, 212,
103, 73, 180, 220, 220,
110, 73, 0, 4, 0,
117, 73, 108, 128, 132,
124, 73, 20, 68, 56,
131, 73, 32, 40, 36,
87, 74, 20, 68, 68,
94, 74, 92, 104, 104,
101, 74, 204, 236, 236,
108, 74, 16, 32, 28,
115, 74, 0, 0, 0,
123, 74, 20, 44, 52,
130, 74, 180, 220, 220,
86, 75, 20, 68, 56,
93, 75, 0, 4, 8,
100, 75, 200, 236, 232,
107, 75, 128, 156, 164,
114, 75, 0, 0, 0,
121, 75, 8, 24, 24,
129, 75, 12, 60, 68,
85, 76, 4, 8, 12,
92, 76, 0, 0, 0,
99, 76, 200, 236, 232,
106, 76, 176, 216, 216,
113, 76, 68, 76, 76,
120, 76, 0, 4, 4,
127, 76, 88, 120, 116,
134, 76, 8, 24, 24,
88, 77, 0, 32, 24,
95, 77, 24, 32, 32,
102, 77, 200, 232, 232,
109, 77, 188, 212, 204,
116, 77, 0, 0, 0,
123, 77, 8, 24, 24,
130, 77, 20, 68, 68,
137, 77, 16, 16, 12,
89, 78, 0, 8, 12,
96, 78, 152, 188, 192,
103, 78, 200, 228, 232,
110, 78, 72, 88, 88,
117, 78, 0, 0, 0,
124, 78, 104, 124, 116,
131, 78, 12, 56, 52,
138, 78, 0, 0, 0,
88, 79, 8, 16, 12,
95, 79, 24, 32, 32,
102, 79, 204, 236, 236,
109, 79, 144, 180, 172,
116, 79, 8, 4, 4,
123, 79, 0, 0, 0,
130, 79, 8, 44, 40,
138, 79, 32, 52, 52,
86, 80, 32, 52, 52,
93, 80, 4, 4, 0,
100, 80, 204, 236, 232,
107, 80, 180, 212, 216,
114, 80, 0, 0, 0,
121, 80, 44, 44, 44,
128, 80, 4, 8, 12,
135, 80, 56, 88, 84,
142, 80, 0, 0, 0,
149, 80, 60, 60, 56,
157, 80, 224, 236, 236,
89, 81, 0, 0, 0,
96, 81, 152, 188, 192,
103, 81, 200, 236, 236,
110, 81, 160, 192, 192,
117, 81, 0, 0, 0,
124, 81, 0, 0, 0,
131, 81, 16, 32, 28,
138, 81, 144, 180, 184,
145, 81, 16, 8, 12,
152, 81, 8, 44, 40,
159, 81, 12, 8, 8,
86, 82, 16, 32, 40,
93, 82, 4, 8, 8,
100, 82, 196, 224, 228,
107, 82, 196, 236, 232,
114, 82, 68, 64, 72,
122, 82, 0, 0, 0,
129, 82, 0, 4, 8,
136, 82, 4, 64, 52,
143, 82, 0, 24, 24,
150, 82, 20, 76, 72,
157, 82, 20, 56, 52,
164, 82, 120, 120, 120,
87, 83, 4, 8, 8,
94, 83, 4, 8, 12,
101, 83, 200, 232, 232,
108, 83, 184, 224, 224,
115, 83, 8, 4, 4,
122, 83, 0, 0, 0,
129, 83, 0, 0, 0,
136, 83, 0, 44, 36,
143, 83, 28, 60, 68,
150, 83, 28, 72, 68,
157, 83, 20, 40, 36,
164, 83, 0, 0, 0,
83, 84, 148, 144, 144,
90, 84, 0, 0, 0,
97, 84, 172, 216, 220,
104, 84, 200, 236, 236,
111, 84, 188, 224, 224,
118, 84, 0, 0, 0,
125, 84, 0, 0, 0,
132, 84, 0, 16, 20,
139, 84, 12, 60, 68,
146, 84, 0, 0, 4,
153, 84, 12, 68, 56,
160, 84, 0, 0, 0,
167, 84, 0, 0, 0,
84, 85, 16, 8, 12,
91, 85, 0, 0, 0,
98, 85, 172, 216, 216,
105, 85, 204, 236, 236,
112, 85, 176, 208, 216,
119, 85, 0, 0, 0,
126, 85, 160, 172, 172,
133, 85, 0, 0, 0,
140, 85, 8, 76, 72,
147, 85, 0, 0, 4,
154, 85, 20, 44, 52,
161, 85, 4, 0, 0,
168, 85, 0, 0, 0,
84, 86, 96, 92, 96,
91, 86, 0, 0, 0,
98, 86, 176, 224, 224,
105, 86, 204, 236, 236,
112, 86, 184, 220, 216,
119, 86, 4, 4, 4,
126, 86, 0, 0, 0,
133, 86, 160, 172, 172,
140, 86, 12, 56, 52,
147, 86, 0, 24, 24,
154, 86, 20, 48, 40,
161, 86, 4, 0, 0,
168, 86, 4, 4, 4,
175, 86, 184, 180, 180,
90, 87, 0, 0, 0,
97, 87, 172, 216, 216,
104, 87, 204, 228, 232,
111, 87, 196, 232, 232,
118, 87, 0, 0, 0,
125, 87, 0, 0, 0,
132, 87, 4, 0, 0,
139, 87, 56, 88, 84,
146, 87, 12, 60, 68,
153, 87, 40, 64, 68,
160, 87, 0, 0, 0,
167, 87, 0, 0, 0,
174, 87, 0, 4, 4,
88, 88, 0, 0, 0,
96, 88, 152, 212, 204,
103, 88, 188, 228, 224,
110, 88, 204, 236, 236,
117, 88, 144, 160, 160,
124, 88, 0, 0, 0,
131, 88, 0, 0, 0,
138, 88, 0, 32, 36,
145, 88, 4, 48, 52,
152, 88, 8, 24, 24,
159, 88, 4, 0, 0,
166, 88, 0, 0, 0,
173, 88, 12, 8, 8,
86, 89, 0, 0, 0,
93, 89, 16, 16, 24,
100, 89, 168, 204, 208,
107, 89, 196, 232, 232,
114, 89, 192, 232, 228,
121, 89, 0, 0, 0,
128, 89, 0, 8, 0,
135, 89, 4, 8, 12,
142, 89, 20, 68, 56,
149, 89, 28, 60, 68,
156, 89, 0, 8, 0,
163, 89, 0, 0, 0,
170, 89, 0, 4, 0,
177, 89, 144, 160, 160,
91, 90, 156, 160, 160,
98, 90, 156, 204, 196,
105, 90, 184, 224, 224,
112, 90, 200, 232, 232,
119, 90, 112, 148, 144,
126, 90, 0, 4, 0,
134, 90, 96, 92, 96,
141, 90, 20, 52, 52,
148, 90, 12, 56, 52,
155, 90, 24, 32, 32,
162, 90, 0, 0, 0,
169, 90, 16, 8, 12,
176, 90, 156, 152, 156,
91, 91, 184, 180, 180,
98, 91, 152, 204, 204,
105, 91, 176, 220, 216,
112, 91, 212, 240, 240,
119, 91, 156, 204, 196,
126, 91, 0, 0, 0,
133, 91, 84, 84, 80,
140, 91, 20, 40, 36,
147, 91, 0, 44, 36,
154, 91, 0, 0, 0,
161, 91, 0, 0, 0,
168, 91, 44, 44, 44,
90, 92, 8, 8, 4,
97, 92, 168, 204, 200,
104, 92, 176, 220, 224,
111, 92, 200, 236, 240,
118, 92, 176, 220, 220,
125, 92, 112, 108, 108,
132, 92, 0, 0, 0,
139, 92, 108, 128, 132,
146, 92, 20, 76, 72,
153, 92, 0, 4, 8,
160, 92, 0, 0, 0,
86, 93, 0, 0, 0,
93, 93, 16, 16, 12,
100, 93, 152, 212, 204,
107, 93, 176, 216, 220,
114, 93, 208, 240, 240,
121, 93, 152, 188, 192,
128, 93, 0, 0, 0,
135, 93, 0, 0, 0,
142, 93, 40, 64, 68,
149, 93, 12, 68, 56,
156, 93, 0, 0, 0,
163, 93, 0, 0, 0,
91, 94, 184, 180, 180,
98, 94, 184, 224, 220,
105, 94, 152, 196, 192,
112, 94, 180, 220, 220,
119, 94, 184, 224, 224,
126, 94, 0, 4, 4,
133, 94, 4, 4, 0,
140, 94, 8, 16, 20,
147, 94, 20, 68, 68,
154, 94, 0, 24, 24,
161, 94, 0, 4, 0,
89, 95, 0, 0, 0,
97, 95, 128, 128, 132,
104, 95, 160, 204, 204,
111, 95, 168, 212, 212,
118, 95, 200, 236, 236,
125, 95, 24, 32, 32,
132, 95, 44, 44, 44,
139, 95, 0, 0, 0,
146, 95, 20, 56, 52,
153, 95, 20, 68, 68,
160, 95, 0, 0, 0,
90, 96, 8, 8, 12,
99, 96, 184, 212, 216,
106, 96, 140, 192, 184,
113, 96, 164, 208, 204,
120, 96, 188, 232, 228,
127, 96, 0, 16, 12,
134, 96, 0, 0, 0,
141, 96, 0, 0, 0,
148, 96, 0, 32, 24,
155, 96, 8, 44, 40,
162, 96, 16, 16, 12,
92, 97, 224, 220, 224,
102, 97, 156, 204, 196,
109, 97, 168, 220, 216,
116, 97, 164, 208, 204,
123, 97, 180, 220, 224,
130, 97, 0, 0, 0,
137, 97, 24, 20, 24,
144, 97, 16, 16, 24,
151, 97, 28, 72, 68,
158, 97, 0, 0, 0,
90, 98, 0, 0, 0,
100, 98, 100, 104, 108,
107, 98, 148, 204, 196,
114, 98, 168, 220, 216,
121, 98, 180, 220, 220,
128, 98, 92, 128, 132,
135, 98, 28, 28, 24,
142, 98, 0, 8, 0,
149, 98, 20, 44, 52,
156, 98, 28, 72, 68,
163, 98, 212, 208, 212,
96, 99, 68, 76, 76,
108, 99, 176, 208, 216,
115, 99, 160, 204, 204,
122, 99, 172, 216, 216,
129, 99, 104, 124, 116,
136, 99, 160, 172, 172,
143, 99, 0, 0, 0,
150, 99, 0, 12, 12,
157, 99, 20, 76, 72,
94, 100, 184, 192, 196,
106, 100, 168, 220, 216,
113, 100, 176, 220, 220,
120, 100, 168, 212, 212,
128, 100, 160, 204, 204,
135, 100, 0, 0, 0,
142, 100, 0, 4, 0,
149, 100, 0, 4, 8,
156, 100, 20, 76, 72,
163, 100, 28, 28, 24,
109, 101, 168, 220, 216,
116, 101, 160, 212, 204,
123, 101, 172, 216, 216,
130, 101, 144, 180, 172,
137, 101, 0, 0, 0,
145, 101, 8, 8, 12,
152, 101, 0, 0, 0,
159, 101, 20, 40, 36,
106, 102, 160, 192, 192,
113, 102, 172, 216, 216,
120, 102, 176, 216, 216,
127, 102, 164, 196, 204,
134, 102, 192, 216, 216,
141, 102, 8, 0, 0,
148, 102, 0, 4, 4,
155, 102, 40, 64, 68,
162, 102, 0, 8, 0,
110, 103, 168, 220, 216,
117, 103, 184, 224, 224,
124, 103, 196, 232, 232,
131, 103, 168, 212, 212,
138, 103, 0, 0, 0,
145, 103, 120, 120, 120,
152, 103, 0, 0, 0,
160, 103, 20, 56, 52,
108, 104, 128, 156, 152,
115, 104, 188, 224, 216,
122, 104, 180, 220, 220,
129, 104, 176, 220, 220,
136, 104, 80, 104, 104,
143, 104, 0, 0, 0,
150, 104, 8, 8, 4,
157, 104, 0, 32, 24,
164, 104, 0, 0, 0,
113, 105, 176, 220, 220,
120, 105, 188, 224, 228,
127, 105, 200, 236, 236,
134, 105, 152, 196, 192,
141, 105, 0, 4, 4,
148, 105, 148, 144, 144,
156, 105, 0, 12, 12,
163, 105, 16, 32, 28,
112, 106, 172, 220, 212,
119, 106, 200, 236, 236,
126, 106, 204, 236, 236,
133, 106, 176, 208, 216,
141, 106, 8, 32, 24,
148, 106, 48, 60, 56,
155, 106, 0, 0, 0,
162, 106, 0, 8, 0,
113, 107, 156, 204, 196,
120, 107, 200, 236, 236,
127, 107, 208, 240, 240,
134, 107, 188, 224, 224,
141, 107, 72, 88, 88,
149, 107, 0, 0, 0,
156, 107, 0, 0, 0,
163, 107, 8, 16, 20,
114, 108, 176, 216, 216,
121, 108, 200, 232, 232,
128, 108, 204, 240, 240,
135, 108, 196, 236, 232,
142, 108, 80, 104, 104,
149, 108, 0, 0, 0,
156, 108, 96, 92, 96,
163, 108, 16, 24, 24,
114, 109, 144, 180, 184,
121, 109, 204, 240, 240,
128, 109, 188, 224, 232,
135, 109, 208, 240, 240,
142, 109, 152, 196, 192,
149, 109, 92, 96, 92,
156, 109, 148, 144, 144,
163, 109, 0, 8, 0,
115, 110, 144, 192, 196,
122, 110, 200, 236, 236,
129, 110, 176, 212, 208,
136, 110, 204, 236, 236,
143, 110, 128, 144, 144,
151, 110, 0, 4, 4,
158, 110, 0, 0, 0,
165, 110, 120, 120, 120,
117, 111, 176, 224, 216,
124, 111, 212, 232, 240,
131, 111, 204, 240, 236,
138, 111, 204, 236, 240,
145, 111, 128, 156, 152,
152, 111, 0, 4, 4,
159, 111, 0, 0, 0,
167, 111, 8, 16, 12,
119, 112, 168, 212, 212,
126, 112, 208, 236, 240,
133, 112, 208, 240, 240,
140, 112, 204, 236, 236,
148, 112, 128, 156, 152,
155, 112, 0, 0, 0,
162, 112, 0, 0, 0,
169, 112, 4, 4, 4,
120, 113, 168, 208, 204,
127, 113, 200, 232, 232,
134, 113, 200, 228, 232,
141, 113, 200, 236, 240,
148, 113, 156, 204, 196,
155, 113, 128, 128, 132,
162, 113, 128, 128, 132,
169, 113, 4, 4, 4,
123, 114, 172, 216, 216,
130, 114, 208, 240, 240,
137, 114, 204, 240, 240,
144, 114, 196, 236, 232,
152, 114, 104, 124, 116,
159, 114, 224, 236, 236,
166, 114, 0, 0, 0,
119, 115, 212, 208, 212,
126, 115, 200, 240, 240,
133, 115, 208, 240, 240,
140, 115, 204, 236, 236,
147, 115, 176, 212, 208,
154, 115, 160, 172, 172,
161, 115, 12, 8, 8,
168, 115, 0, 0, 0,
122, 116, 128, 172, 168,
129, 116, 204, 236, 236,
136, 116, 200, 236, 236,
143, 116, 204, 236, 236,
150, 116, 160, 192, 192,
157, 116, 48, 60, 56,
164, 116, 4, 4, 4,
171, 116, 0, 0, 0,
125, 117, 168, 204, 208,
133, 117, 196, 232, 232,
140, 117, 192, 232, 228,
148, 117, 192, 232, 232,
155, 117, 192, 236, 236,
162, 117, 0, 0, 0,
170, 117, 0, 0, 0,
125, 118, 160, 192, 192,
133, 118, 212, 240, 240,
140, 118, 192, 228, 228,
147, 118, 196, 232, 232,
155, 118, 52, 72, 80,
162, 118, 16, 24, 24,
169, 118, 28, 28, 24,
125, 119, 176, 204, 204,
132, 119, 208, 244, 244,
139, 119, 200, 236, 236,
146, 119, 200, 236, 236,
153, 119, 164, 208, 204,
160, 119, 128, 156, 164,
167, 119, 8, 16, 12,
174, 119, 0, 0, 0,
131, 120, 188, 224, 228,
138, 120, 204, 236, 236,
145, 120, 208, 240, 240,
153, 120, 204, 240, 240,
160, 120, 68, 76, 76,
167, 120, 0, 0, 0,
174, 120, 0, 4, 4,
130, 121, 176, 216, 216,
137, 121, 204, 236, 236,
144, 121, 200, 232, 232,
151, 121, 204, 232, 236,
158, 121, 192, 232, 232,
165, 121, 128, 156, 164,
173, 121, 212, 208, 212,
132, 122, 172, 216, 216,
139, 122, 204, 236, 236,
146, 122, 200, 232, 232,
153, 122, 204, 236, 232,
161, 122, 204, 248, 244,
168, 122, 16, 24, 24,
175, 122, 0, 0, 0,
133, 123, 168, 220, 216,
140, 123, 204, 236, 236,
147, 123, 188, 224, 224,
154, 123, 200, 236, 236,
162, 123, 172, 212, 212,
169, 123, 0, 0, 0,
176, 123, 0, 0, 0,
135, 124, 172, 224, 224,
142, 124, 200, 236, 236,
149, 124, 184, 212, 216,
156, 124, 204, 236, 236,
163, 124, 192, 228, 228,
170, 124, 92, 104, 104,
177, 124, 0, 0, 0,
136, 125, 176, 220, 216,
143, 125, 200, 228, 236,
150, 125, 168, 204, 200,
157, 125, 200, 232, 232,
164, 125, 176, 220, 216,
171, 125, 8, 16, 12,
178, 125, 0, 0, 4,
137, 126, 180, 224, 224,
144, 126, 204, 236, 236,
151, 126, 168, 208, 204,
158, 126, 200, 232, 232,
165, 126, 192, 232, 228,
172, 126, 16, 24, 24,
179, 126, 8, 8, 4,
139, 127, 192, 232, 232,
146, 127, 204, 236, 236,
153, 127, 160, 204, 204,
160, 127, 200, 232, 232,
167, 127, 180, 220, 220,
174, 127, 0, 0, 0,
135, 128, 196, 224, 228,
142, 128, 200, 236, 236,
149, 128, 200, 240, 240,
156, 128, 204, 240, 240,
163, 128, 204, 232, 236,
170, 128, 152, 188, 192,
177, 128, 68, 76, 76,
138, 129, 144, 180, 184,
145, 129, 204, 240, 240,
152, 129, 200, 232, 232,
159, 129, 208, 240, 240,
167, 129, 184, 212, 216,
174, 129, 84, 92, 96,
181, 129, 60, 60, 56,
144, 130, 208, 240, 240,
151, 130, 204, 232, 236,
158, 130, 204, 240, 236,
165, 130, 208, 244, 244,
172, 130, 104, 124, 116,
179, 130, 4, 4, 4,
141, 131, 152, 196, 192,
148, 131, 200, 236, 236,
155, 131, 200, 236, 236,
162, 131, 204, 236, 236,
170, 131, 188, 232, 228,
177, 131, 4, 8, 8,
142, 132, 176, 208, 216,
149, 132, 204, 236, 236,
156, 132, 192, 232, 228,
163, 132, 204, 236, 236,
170, 132, 192, 228, 228,
178, 132, 212, 228, 224,
143, 133, 168, 208, 204,
150, 133, 204, 236, 236,
158, 133, 160, 204, 204,
165, 133, 208, 236, 240,
172, 133, 200, 240, 240,
179, 133, 68, 76, 76,
144, 134, 156, 204, 196,
151, 134, 204, 236, 236,
158, 134, 180, 212, 216,
165, 134, 204, 236, 240,
173, 134, 172, 212, 212,
180, 134, 0, 0, 0,
147, 135, 176, 216, 212,
154, 135, 204, 236, 236,
161, 135, 184, 224, 224,
168, 135, 208, 240, 236,
175, 135, 176, 216, 216,
182, 135, 0, 0, 0,
148, 136, 176, 216, 216,
155, 136, 208, 236, 236,
162, 136, 196, 232, 232,
169, 136, 204, 236, 236,
176, 136, 160, 204, 204,
183, 136, 36, 32, 36,
151, 137, 200, 236, 236,
158, 137, 204, 236, 236,
165, 137, 200, 236, 236,
172, 137, 200, 232, 232,
179, 137, 112, 148, 144,
147, 138, 28, 44, 48,
154, 138, 200, 232, 232,
161, 138, 188, 228, 224,
168, 138, 204, 236, 236,
175, 138, 200, 236, 240,
182, 138, 12, 8, 8,
151, 139, 188, 224, 224,
158, 139, 204, 236, 236,
165, 139, 200, 240, 240,
172, 139, 204, 236, 236,
179, 139, 144, 180, 184,
149, 140, 200, 212, 212,
156, 140, 200, 236, 232,
163, 140, 172, 212, 212,
170, 140, 204, 236, 236,
177, 140, 184, 224, 224,
184, 140, 16, 24, 24,
155, 141, 200, 240, 240,
162, 141, 192, 232, 228,
169, 141, 204, 236, 236,
176, 141, 204, 240, 240,
183, 141, 92, 96, 92,
154, 142, 176, 216, 212,
161, 142, 204, 240, 240,
168, 142, 204, 236, 240,
175, 142, 204, 236, 240,
182, 142, 20, 40, 36,
154, 143, 180, 220, 216,
161, 143, 204, 236, 236,
168, 143, 204, 240, 240,
175, 143, 204, 236, 236,
182, 143, 88, 120, 116,
154, 144, 204, 240, 240,
161, 144, 200, 236, 236,
168, 144, 196, 232, 232,
175, 144, 204, 236, 236,
182, 144, 112, 148, 144,
156, 145, 188, 216, 228,
163, 145, 200, 236, 236,
170, 145, 192, 228, 228,
177, 145, 200, 236, 232,
185, 145, 92, 104, 104,
159, 146, 200, 236, 236,
166, 146, 184, 224, 224,
173, 146, 204, 236, 236,
180, 146, 184, 220, 216,
155, 147, 184, 192, 196,
162, 147, 200, 236, 236,
169, 147, 176, 220, 216,
176, 147, 204, 236, 236,
183, 147, 112, 148, 144,
160, 148, 200, 236, 236,
167, 148, 172, 212, 212,
174, 148, 204, 236, 236,
181, 148, 128, 156, 152,
159, 149, 188, 224, 216,
166, 149, 208, 240, 240,
173, 149, 204, 236, 236,
180, 149, 180, 220, 220,
187, 149, 184, 192, 196,
164, 150, 200, 232, 232,
171, 150, 200, 240, 236,
178, 150, 200, 236, 236,
185, 150, 100, 104, 108,
162, 151, 200, 236, 232,
169, 151, 168, 204, 208,
176, 151, 200, 236, 236,
183, 151, 128, 156, 164,
162, 152, 208, 240, 236,
169, 152, 172, 216, 216,
176, 152, 200, 236, 236,
183, 152, 152, 188, 192,
163, 153, 200, 232, 232,
170, 153, 160, 204, 204,
177, 153, 200, 236, 232,
184, 153, 72, 88, 88,
164, 154, 204, 236, 236,
171, 154, 176, 220, 216,
178, 154, 204, 240, 236,
185, 154, 8, 16, 12,
165, 155, 196, 236, 232,
172, 155, 180, 220, 220,
179, 155, 200, 236, 236,
186, 155, 16, 16, 12,
167, 156, 204, 240, 236,
174, 156, 200, 236, 236,
181, 156, 172, 216, 216,
163, 157, 184, 212, 216,
170, 157, 152, 196, 192,
177, 157, 204, 240, 236,
184, 157, 56, 88, 84,
166, 158, 204, 240, 240,
173, 158, 172, 216, 216,
180, 158, 192, 228, 228,
187, 158, 212, 208, 212,
169, 159, 184, 224, 224,
176, 159, 192, 228, 228,
183, 159, 92, 128, 132,
165, 160, 196, 224, 228,
172, 160, 172, 212, 212,
179, 160, 192, 228, 228,
186, 160, 16, 16, 12,
170, 161, 168, 212, 212,
177, 161, 192, 228, 228,
184, 161, 28, 44, 48,
169, 162, 184, 224, 228,
176, 162, 192, 228, 228,
183, 162, 72, 88, 88,
168, 163, 200, 236, 236,
175, 163, 176, 220, 216,
182, 163, 96, 144, 144,
168, 164, 200, 232, 232,
176, 164, 180, 220, 220,
183, 164, 32, 52, 52,
169, 165, 196, 236, 232,
176, 165, 180, 220, 220,
183, 165, 40, 64, 68,
170, 166, 172, 216, 216,
177, 166, 172, 216, 216,
184, 166, 0, 0, 0,
170, 167, 184, 224, 224,
177, 167, 176, 220, 220,
184, 167, 0, 0, 0,
171, 168, 160, 212, 204,
178, 168, 172, 216, 216,
185, 168, 112, 108, 108,
172, 169, 152, 204, 204,
179, 169, 160, 204, 204,
167, 170, 120, 120, 120,
174, 170, 160, 204, 204,
181, 170, 80, 104, 104,
169, 171, 192, 216, 216,
176, 171, 168, 204, 212,
183, 171, 0, 0, 0,
171, 172, 168, 220, 216,
178, 172, 132, 180, 184,
185, 172, 212, 208, 212,
173, 173, 152, 204, 204,
180, 173, 92, 128, 132,
170, 174, 188, 228, 224,
177, 174, 168, 212, 212,
184, 174, 56, 48, 48,
174, 175, 152, 204, 204,
184, 175, 184, 180, 180,
175, 176, 160, 204, 204,
169, 177, 24, 32, 32,
176, 177, 172, 216, 216,
170, 178, 176, 204, 204,
177, 178, 144, 180, 172,
172, 179, 176, 216, 220,
184, 179, 224, 220, 224,
177, 180, 112, 148, 144,
174, 181, 148, 204, 196,
171, 182, 52, 64, 64,
183, 182, 184, 180, 180,
176, 183, 128, 156, 152,
175, 184, 152, 196, 192,
176, 185, 128, 172, 168,
185, 186, 224, 220, 224,
187, 188, 128, 128, 132,
187, 190, 28, 60, 68,
187, 191, 20, 68, 68,
185, 192, 20, 68, 68,
192, 192, 16, 24, 24,
187, 193, 8, 76, 72,
194, 193, 32, 40, 36,
187, 194, 8, 76, 72,
194, 194, 20, 52, 52,
180, 195, 20, 68, 68,
178, 196, 8, 76, 72,
178, 197, 8, 76, 72,
179, 198, 20, 68, 56,
192, 199, 184, 180, 180,
177, 201, 8, 76, 72,
179, 202, 12, 56, 52,
173, 205, 184, 180, 180,
182, 210, 156, 156, 156,
